1 0.2992386078125 0.30622499062499997 0.31173636562499996 0.304976446875 0.32798345156250003 0.298733625 0.3386065359375 0.298733625 0.3554785 0.297485084375 0.3629771515625 0.295612240625 0.3629771515625 0.28999371875 0.35110428125 0.28687228125 0.3411060890625 0.2856237359375 0.3267336703125 0.2831265984375 0.3148608125 0.28624803593750003 0.2998635140625 0.28749657968750003 0.29361462031249996 0.2949879421875 0.2898652953125 0.301855009375 0.2992386078125 0.30622499062499997
1 0.1917579546875 0.313092053125 0.19300774062499998 0.313092053125 0.19613216093750002 0.328699084375 0.211754365625 0.3311962234375 0.2223774375 0.3255777015625 0.23300053593749998 0.3218320171875 0.237999646875 0.32120771875 0.246748053125 0.3187105796875 0.2536218265625 0.314964896875 0.26174535312499997 0.304352146875 0.247997834375 0.2968607859375 0.22925120937500001 0.2949879421875 0.2148787859375 0.295612240625 0.201756146875 0.298733625 0.1917579546875 0.30747353125 0.1917579546875 0.313092053125
1 0.1703861921875 0.30408992343749996 0.1654747015625 0.3135259375 0.158296353125 0.3271137859375 0.1556517046875 0.33353025937499997 0.1590519734375 0.3456083296875 0.16434128125 0.34409859374999996 0.16585250468749999 0.3565541203125 0.1756755 0.3633480453125 0.1828538296875 0.36221572343749997 0.1919212046875 0.3554217984375 0.19456585312500002 0.3463632359375 0.1870097140625 0.338059540625 0.1813426078125 0.333907709375 0.17643110312500002 0.32824610781249997 0.171897415625 0.326358884375 0.1745420765625 0.3214521828125 0.1783201421875 0.3142808078125 0.18020918749999998 0.3071094328125 0.1790757640625 0.302957603125 0.1703861921875 0.30408992343749996
1 0.18872343281249998 0.20407056250000002 0.1941696390625 0.20951147812499998 0.20296737031249998 0.2103485484375 0.203805259375 0.20155936562500001 0.205481009375 0.1898404421875 0.1950075265625 0.1823068578125 0.18872343281249998 0.174773271875 0.18411508906250001 0.171006478125 0.1769931296875 0.17561034375 0.16819539687500001 0.1781215359375 0.1701770984375 0.177938803125 0.1786688796875 0.19109604062500002 0.18872343281249998 0.20407056250000002
1 0 0.248016478125 0.0115455046875 0.24131994687499997 0.022856875 0.23546050468750002 0.0341682453125 0.2329493078125 0.0530205453125 0.228345459375 0.06642662031249999 0.2224859828125 0.074805396875 0.21830068281249998 0.08653571875 0.2174635890625 0.096556728125 0.2149523921875 0.1066112765625 0.20993000468749998 0.1255877234375 0.1980354234375 0.1213076921875 0.1923516390625 0.117118303125 0.18858484375 0.1095773921875 0.18816631718750002 0.10119859375 0.1927701828125 0.09156299531249999 0.1969555 0.0773190359375 0.20490761562499998 0.056791 0.2128597453125 0.045479634375 0.2195562765625 0.0366818796875 0.22499717343749998 0.0274652359375 0.2296010578125 0.01447809375 0.2337863609375 0 0.23964583906249998 0 0.248016478125
1 0.09910390625 0.1617987671875 0.0949145 0.16849528125 0.09481477656250001 0.16914653125 0.10329329843749999 0.174773271875 0.1095773921875 0.174773271875 0.11167209375 0.1676582328125 0.11041527656250001 0.160961696875 0.105388 0.1597060984375 0.09910390625 0.1617987671875
1 0.4238528796875 0.036271053125 0.4408277015625 0.029725750000000002 0.4563135 0.019907771875 0.4661410265625 0.014552509375 0.473288321875 0.006519603125 0.478053178125 0 0.46524761562499994 0.0041394828124999995 0.445294759375 0.012172375000000001 0.43368040625 0.013659968750000001 0.426235303125 0.0178251609375 0.4170033703125 0.027345615625000003 0.4006241734375 0.0386511875 0.402411 0.044303946875 0.4238528796875 0.036271053125
1 0.387963728125 0.0326115984375 0.3578411203125 0.0471394375 0.37290243749999996 0.053884464062500005 0.38173146406249997 0.048695990625000005 0.40458311093750005 0.035205834375 0.426171521875 0.019509375000000002 0.44351792031250004 0.0050320265625 0.4462684109375 0.003550478125 0.44828277656250004 0 0.43314765624999996 0.006669071875 0.41393150937499995 0.016527204687499998 0.3957540625 0.028979625 0.387963728125 0.0326115984375
1 0.3308346421875 0.018602625 0.33550884375 0.021715728125 0.3490120671875 0.029498490625000002 0.369786303125 0.037800120312500005 0.3874443796875 0.048695990625000005 0.3999089109375 0.051290228125000004 0.40354439218750005 0.0476582546875 0.3957540625 0.038318942187499996 0.3864056609375 0.0300173578125 0.3770572640625 0.022753415625000002 0.3635540359375 0.01393296875 0.3512086203125 0.00415225 0.3308346421875 0.018602625
1 0.325223584375 0.173950634375 0.3334684546875 0.17961351406249998 0.34789698593749996 0.1955724109375 0.3633561296875 0.20844253125 0.3999427859375 0.24550843281249998 0.40715706249999994 0.24653802656249998 0.406641740625 0.2413900140625 0.3978815765625 0.232123540625 0.38345302187499997 0.21564977187499998 0.3649020453125 0.197116821875 0.3473816875 0.17961351406249998 0.33501437031250003 0.168802625 0.325223584375 0.173950634375
1 0.3195552234375 0.18630593281250002 0.343259240625 0.153873271875 0.36747857968750003 0.1240146609375 0.389121384375 0.0972448265625 0.4014887015625 0.0818007015625 0.42158559375 0.058634509375 0.43807535781249995 0.040616379687499995 0.40818765625 0.062752928125 0.3731469421875 0.1054817046875 0.3473816875 0.1384291421875 0.330376625 0.15696209375 0.309249115625 0.17961351406249998 0.308218521875 0.1904244015625 0.31491747812500004 0.189394759375 0.3195552234375 0.18630593281250002