1 0.7168734015625 0.6732663296875 0.7143762640625 0.6588939109374999 0.71312771875 0.64889571875 0.71000628125 0.6370228484375 0.7043877593750001 0.6370228484375 0.702514915625 0.6445215 0.701266375 0.6613934640625 0.701266375 0.6720165484375 0.695023553125 0.6882636343749999 0.693775009375 0.7007613921875 0.698144990625 0.7101347046875001 0.7050120578125 0.7063853796874999 0.7125034203125 0.7001364859375 0.7137519640625001 0.6851391875 0.7168734015625 0.6732663296875
1 0.7050120578125 0.770748790625 0.7031392140625 0.752002165625 0.695647853125 0.738254646875 0.6850351031249999 0.7463781734375 0.6812894203125001 0.7532519468750001 0.67879228125 0.762000353125 0.6781679828125 0.7669994640625 0.6744222984375 0.7776225625000001 0.6688037765625 0.7882456343750001 0.671300915625 0.8038678390625 0.686907946875 0.8069922593750001 0.686907946875 0.8082420453125 0.69252646875 0.8082420453125 0.701266375 0.798243853125 0.7043877593750001 0.7851212140625 0.7050120578125 0.770748790625
1 0.6959100765625 0.8296138078125 0.6970423968749999 0.8209242359375001 0.6928905671875001 0.8197908125 0.6857191921875 0.8216798578125 0.6785478171875 0.8254579234375001 0.673641115625 0.828102584375 0.6717538921874999 0.8235688968750001 0.666092290625 0.8186573921875 0.661940459375 0.8129902859374999 0.6536367640625 0.8054341468749999 0.6445782015625 0.8080787953125 0.6377842765625 0.8171461703125 0.6366519546875 0.8243245 0.6434458796875 0.8341474953124999 0.65590140625 0.8356587187500001 0.6543916703125 0.8409480265625 0.666469740625 0.8443482953125001 0.6728862140625 0.841703646875 0.6864740625 0.8345252984375 0.6959100765625 0.8296138078125
1 0.8176931421875 0.8049924734375 0.8101595578125 0.7945189906250001 0.798440634375 0.7961947406250001 0.7896514515625 0.7970326296875 0.790488521875 0.8058303609375 0.7959294375 0.8112765671875 0.808903959375 0.8213311203125 0.8220611968749999 0.8298229015624999 0.8218784640625 0.831804603125 0.8243896562499999 0.8230068703125 0.828993521875 0.8158849109374999 0.8252267281250001 0.8112765671875 0.8176931421875 0.8049924734375
1 0.7603541609375 1 0.7662136390625001 0.98552190625 0.7703989421874999 0.9725347640625 0.7750028265625 0.9633181203125 0.7804437234375 0.9545203656249999 0.7871402546875 0.9432090000000001 0.795092384375 0.9226809640625 0.8030445 0.9084370046875 0.8072298171875 0.8988014062499999 0.8118336828125001 0.8904226078124999 0.81141515625 0.8828816968750001 0.8076483609375 0.8786923078125 0.8019645765625001 0.8744122765625001 0.7900699953125 0.8933887234375 0.7850476078125 0.9034432718750001 0.7825364109375 0.9134642812499999 0.7816993171875 0.925194603125 0.7775140171875 0.9335733796874999 0.7716545406249999 0.9469794546875001 0.7670506921875 0.9658317546875 0.7645394953125 0.9771431249999999 0.758680053125 0.9884544953125 0.751983521875 1 0.7603541609375 1
1 0.8323417671875 0.88832790625 0.8252267281250001 0.8904226078124999 0.8252267281250001 0.8967067015625 0.83085346875 0.9051852234375 0.83150471875 0.9050855 0.8382012328125 0.9008960937499999 0.8402939015625 0.8946120000000001 0.8390383031249999 0.8895847234375 0.8323417671875 0.88832790625
1 0.9878276250000001 0.5547052406249999 0.9958605171875 0.5347523843750001 1 0.5219468218750001 0.993480396875 0.5267116781250001 0.9854474906249999 0.5338589734375 0.980092228125 0.5436865 0.9702742499999999 0.5591722984375 0.963728946875 0.5761471203124999 0.9556960531250001 0.5975889999999999 0.9613488125 0.5993758265625 0.972654384375 0.5829966296875 0.9821748390625 0.573764696875 0.9863400312499999 0.5663195937500001 0.9878276250000001 0.5547052406249999
1 0.9804906250000001 0.573828478125 0.964794165625 0.5954168890625 0.951304009375 0.6182685359375 0.9461155359375001 0.6270975625 0.9528605625000001 0.6421588796875 0.9673884015624999 0.612036271875 0.9710203749999999 0.6042459375 0.9834727953125 0.586068490625 0.993330928125 0.56685234375 1 0.5517172234375 0.996449521875 0.5537315890625 0.9949679734375 0.5564820796875 0.9804906250000001 0.573828478125
1 0.948709771875 0.6000910890625 0.951304009375 0.6125556203125 0.9621998796875 0.6302136968750001 0.9705015093749999 0.6509879328125 0.978284271875 0.66449115625 0.981397375 0.6691653578125 0.99584775 0.6487913796875 0.98606703125 0.6364459640625 0.977246584375 0.6229427359375 0.9699826421875001 0.6135943390625 0.9616810578124999 0.6042459375 0.9523417453125 0.5964556078125 0.948709771875 0.6000910890625
1 0.7534619734375 0.5928429375000001 0.7544915671875 0.6000572140625 0.79155746875 0.6366438703124999 0.8044275890625 0.6521030140625 0.8203864859375001 0.6665315453125 0.8260493656250001 0.674776415625 0.831197375 0.6649856296875 0.8203864859375001 0.6526183125 0.802883178125 0.6350979546875 0.784350228125 0.6165469781249999 0.767876459375 0.6021184234375 0.7586099859375001 0.593358259375 0.7534619734375 0.5928429375000001
1 0.8615708578125 0.6526183125 0.8945182953125 0.6268530578125 0.937247071875 0.59181234375 0.9593836203125001 0.5619246421875 0.9413654906250001 0.5784144062500001 0.9181992984375 0.5985112984375001 0.9027551734375001 0.610878615625 0.8759853390625001 0.6325214203125 0.846126728125 0.656740759375 0.8136940671874999 0.6804447765625 0.8106052406250001 0.685082521875 0.8095755984374999 0.691781478125 0.8203864859375001 0.690750884375 0.84303790625 0.669623375 0.8615708578125 0.6526183125