1 0.297485084375 0.6445215 0.295612240625 0.6370228484375 0.28999371875 0.6370228484375 0.28687228125 0.64889571875 0.2856237359375 0.6588939109374999 0.2831265984375 0.6732663296875 0.28624803593750003 0.6851391875 0.28749657968750003 0.7001364859375 0.2949879421875 0.7063853796874999 0.301855009375 0.7101347046875001 0.30622499062499997 0.7007613921875 0.304976446875 0.6882636343749999 0.298733625 0.6720165484375 0.298733625 0.6613934640625 0.297485084375 0.6445215
1 0.3218320171875 0.7669994640625 0.32120771875 0.762000353125 0.3187105796875 0.7532519468750001 0.314964896875 0.7463781734375 0.304352146875 0.738254646875 0.2968607859375 0.752002165625 0.2949879421875 0.770748790625 0.295612240625 0.7851212140625 0.298733625 0.798243853125 0.30747353125 0.8082420453125 0.313092053125 0.8082420453125 0.313092053125 0.8069922593750001 0.328699084375 0.8038678390625 0.3311962234375 0.7882456343750001 0.3255777015625 0.7776225625000001 0.3218320171875 0.7669994640625
1 0.3554217984375 0.8080787953125 0.3463632359375 0.8054341468749999 0.338059540625 0.8129902859374999 0.333907709375 0.8186573921875 0.32824610781249997 0.8235688968750001 0.326358884375 0.828102584375 0.3214521828125 0.8254579234375001 0.3142808078125 0.8216798578125 0.3071094328125 0.8197908125 0.302957603125 0.8209242359375001 0.30408992343749996 0.8296138078125 0.3135259375 0.8345252984375 0.3271137859375 0.841703646875 0.33353025937499997 0.8443482953125001 0.3456083296875 0.8409480265625 0.34409859374999996 0.8356587187500001 0.3565541203125 0.8341474953124999 0.3633480453125 0.8243245 0.36221572343749997 0.8171461703125 0.3554217984375 0.8080787953125
1 0.2103485484375 0.7970326296875 0.20155936562500001 0.7961947406250001 0.1898404421875 0.7945189906250001 0.1823068578125 0.8049924734375 0.174773271875 0.8112765671875 0.171006478125 0.8158849109374999 0.17561034375 0.8230068703125 0.1781215359375 0.831804603125 0.177938803125 0.8298229015624999 0.19109604062500002 0.8213311203125 0.20407056250000002 0.8112765671875 0.20951147812499998 0.8058303609375 0.2103485484375 0.7970326296875
1 0.248016478125 1 0.24131994687499997 0.9884544953125 0.23546050468750002 0.9771431249999999 0.2329493078125 0.9658317546875 0.228345459375 0.9469794546875001 0.2224859828125 0.9335733796874999 0.21830068281249998 0.925194603125 0.2174635890625 0.9134642812499999 0.2149523921875 0.9034432718750001 0.20993000468749998 0.8933887234375 0.1980354234375 0.8744122765625001 0.1923516390625 0.8786923078125 0.18858484375 0.8828816968750001 0.18816631718750002 0.8904226078124999 0.1927701828125 0.8988014062499999 0.1969555 0.9084370046875 0.20490761562499998 0.9226809640625 0.2128597453125 0.9432090000000001 0.2195562765625 0.9545203656249999 0.22499717343749998 0.9633181203125 0.2296010578125 0.9725347640625 0.2337863609375 0.98552190625 0.23964583906249998 1 0.248016478125 1
1 0.160961696875 0.8895847234375 0.1597060984375 0.8946120000000001 0.1617987671875 0.9008960937499999 0.16849528125 0.9050855 0.16914653125 0.9051852234375 0.174773271875 0.8967067015625 0.174773271875 0.8904226078124999 0.1676582328125 0.88832790625 0.160961696875 0.8895847234375
1 0.014552509375 0.5338589734375 0.006519603125 0.5267116781250001 0 0.5219468218750001 0.0041394828124999995 0.5347523843750001 0.012172375000000001 0.5547052406249999 0.013659968750000001 0.5663195937500001 0.0178251609375 0.573764696875 0.027345615625000003 0.5829966296875 0.0386511875 0.5993758265625 0.044303946875 0.5975889999999999 0.036271053125 0.5761471203124999 0.029725750000000002 0.5591722984375 0.019907771875 0.5436865 0.014552509375 0.5338589734375
1 0.053884464062500005 0.6270975625 0.048695990625000005 0.6182685359375 0.035205834375 0.5954168890625 0.019509375000000002 0.573828478125 0.0050320265625 0.5564820796875 0.003550478125 0.5537315890625 0 0.5517172234375 0.006669071875 0.56685234375 0.016527204687499998 0.586068490625 0.028979625 0.6042459375 0.0326115984375 0.612036271875 0.0471394375 0.6421588796875 0.053884464062500005 0.6270975625
1 0.029498490625000002 0.6509879328125 0.037800120312500005 0.6302136968750001 0.048695990625000005 0.6125556203125 0.051290228125000004 0.6000910890625 0.0476582546875 0.5964556078125 0.038318942187499996 0.6042459375 0.0300173578125 0.6135943390625 0.022753415625000002 0.6229427359375 0.01393296875 0.6364459640625 0.00415225 0.6487913796875 0.018602625 0.6691653578125 0.021715728125 0.66449115625 0.029498490625000002 0.6509879328125
1 0.1955724109375 0.6521030140625 0.20844253125 0.6366438703124999 0.24550843281249998 0.6000572140625 0.24653802656249998 0.5928429375000001 0.2413900140625 0.593358259375 0.232123540625 0.6021184234375 0.21564977187499998 0.6165469781249999 0.197116821875 0.6350979546875 0.17961351406249998 0.6526183125 0.168802625 0.6649856296875 0.173950634375 0.674776415625 0.17961351406249998 0.6665315453125 0.1955724109375 0.6521030140625
1 0.0818007015625 0.5985112984375001 0.058634509375 0.5784144062500001 0.040616379687499995 0.5619246421875 0.062752928125 0.59181234375 0.1054817046875 0.6268530578125 0.1384291421875 0.6526183125 0.15696209375 0.669623375 0.17961351406249998 0.690750884375 0.1904244015625 0.691781478125 0.189394759375 0.685082521875 0.18630593281250002 0.6804447765625 0.153873271875 0.656740759375 0.1240146609375 0.6325214203125 0.0972448265625 0.610878615625 0.0818007015625 0.5985112984375001