1 0.4180194828125 0.7237554109375 0.4329004328125 0.7447240265625 0.46333874531249997 0.760281384375 0.5160984859375 0.7663690484375 0.564123375 0.7541937234375 0.5938852812500001 0.7541937234375 0.6135010796875 0.7528409109374999 0.6405573578125 0.7508116874999999 0.6500270578125 0.7311958890625 0.634469696875 0.720373375 0.5999729421875 0.7048160171875 0.5810335484375 0.7068452359374999 0.5600649328125 0.7190205625 0.522862553125 0.710903678125 0.493100646875 0.7027867953125 0.44913420156250006 0.6994047640625001 0.4180194828125 0.7237554109375
1 0.5508048296875 0.6847334015625 0.5897887328125 0.698566396875 0.632545271875 0.7004527140625 0.6639839015625 0.701081490625 0.685990946875 0.6897635796875 0.7067404421875 0.6658702234375 0.6922786734375 0.6444919515625 0.6614688125 0.6262575453125 0.6470070406249999 0.617454728125 0.6161971828125 0.6168259546875 0.577842053125 0.6199698171875 0.537600603125 0.6338028171875 0.5294265578124999 0.6652414515625 0.5508048296875 0.6847334015625
1 0.6407883265625001 0.2455357140625 0.6625653296875 0.2324695140625 0.6843423343749999 0.22920295937500001 0.7180966921875 0.24009146406249998 0.74150696875 0.2542465171875 0.7660060984375 0.2596907671875 0.792682928125 0.2596907671875 0.811737803125 0.247713415625 0.829703834375 0.22920295937500001 0.843314459375 0.2117813578125 0.8335148078125 0.1856489546875 0.8188153296875 0.165505228125 0.78125 0.15080575000000002 0.7496733437499999 0.15516115156250002 0.7208188171875001 0.1382839734375 0.6827090578125 0.131206446875 0.655487803125 0.131206446875 0.6282665484375001 0.13882839687499998 0.6064895484374999 0.15625 0.58797909375 0.1742160265625 0.5640243890625001 0.181837978125 0.5357142859375 0.1910932046875 0.5308144593749999 0.2057926828125 0.5357142859375 0.21885888437499998 0.533536584375 0.22865853593750002 0.5264590578125 0.23954704062499999 0.5014155046875 0.2509799640625 0.49923780312500005 0.26949042031250003 0.528636759375 0.2749346703125 0.568379790625 0.2831010453125 0.6124782234375 0.2798344953125 0.625 0.27057926718749997 0.615744771875 0.258057490625 0.6407883265625001 0.2455357140625
1 0.9527439015624999 0.3108667234375 0.9614547046874999 0.305966896875 0.9614547046874999 0.286912021875 0.944033103125 0.2733013921875 0.917356271875 0.2749346703125 0.9081010453125 0.28527874531249997 0.90864546875 0.30923345156250004 0.9298780484375 0.3125 0.9527439015624999 0.3108667234375
1 0.9032012187499999 0.36204268281249996 0.9179006968750001 0.366398084375 0.9032012187499999 0.377831009375 0.9032012187499999 0.3968858890625 0.9102787453125 0.411585365625 0.934777875 0.41757404062500003 0.9815984328124999 0.417029615625 0.9984756109375 0.403963415625 0.9984756109375 0.37347561093750004 0.9772430312499999 0.3582317046875 0.9489329281250001 0.356054009375 0.9260670718749999 0.3369991296875 0.9102787453125 0.337543553125 0.9004790937499999 0.3511541828125 0.9032012187499999 0.36204268281249996
1 0.7382404203124999 0.3990635890625 0.7436846703125 0.39525261093749997 0.7425958171875 0.3789198609375 0.732251740625 0.372386759375 0.721363240625 0.37293118281250004 0.7115635890625 0.3789198609375 0.7115635890625 0.3914416390625 0.721363240625 0.398519165625 0.7382404203124999 0.3990635890625
1 0.447321428125 0.4169642859375 0.42142857187500005 0.412946428125 0.3959821421875 0.412946428125 0.3741071421875 0.4299107140625 0.375446428125 0.4424107140625 0.393303571875 0.45758928593750003 0.4602678578125 0.458928571875 0.4727678578125 0.45223214218749996 0.47410714218749994 0.4303571421875 0.447321428125 0.4169642859375
1 0.9430803578125 0.5752840890625001 0.9684456156250001 0.5697037328125 0.9679383125 0.5443384734375 0.9410511390625 0.5270900984375 0.8847402593749999 0.528104709375 0.8588676968750001 0.533177759375 0.8588676968750001 0.5585430171875 0.8781452906249999 0.572240259375 0.9116274328125 0.5747767859375 0.9430803578125 0.5752840890625001
1 0.7209821421875 0.546875 0.7528409109374999 0.5341923703125 0.7303571421874999 0.5174107140624999 0.70625 0.516071428125 0.6879058437500001 0.5164366874999999 0.671428571875 0.5223214281249999 0.6686282453125 0.5352069828125 0.6955357140625 0.5450892859375001 0.7209821421875 0.546875
1 0 0.244592553125 0.024522134374999997 0.2527665984375 0.06476357968749999 0.251509053125 0.09808853125 0.25842555312500004 0.1314134828125 0.2521378265625 0.149019115625 0.26534205312500003 0.1804577453125 0.269743459375 0.199949696875 0.26471328125000004 0.21818410312499997 0.26471328125000004 0.24396378125 0.26471328125000004 0.26471328125000004 0.261569415625 0.2860915484375 0.2521378265625 0.29678068281250003 0.239562375 0.29615191093750004 0.2200704234375 0.293636821875 0.1986921515625 0.2886066390625 0.184230384375 0.2779175046875 0.1678822953125 0.25779678125 0.16410965625 0.23641850937500003 0.164738428125 0.21881287968750002 0.165995978125 0.20246479062499997 0.1722837015625 0.177313884375 0.1804577453125 0.14839034375 0.1836016109375 0.1263832984375 0.1810865171875 0.097459759375 0.17794265625 0.065392353125 0.17039738437500002 0.0389839015625 0.171654928125 0.0213782671875 0.1766851109375 0 0.182972834375 0 0.244592553125
1 0.3678571421875 0.1392857140625 0.3669642859375 0.12366071406250001 0.35625 0.11964285781249999 0.3375 0.12053571406250001 0.328571428125 0.12366071406250001 0.330803571875 0.1392857140625 0.3388392859375 0.147321428125 0.3575892859375 0.147321428125 0.3678571421875 0.1392857140625
1 0.7330357140625 0 0.7392857140625 0.008035714062500001 0.7736607140625 0.009375 0.8040178578124999 0.009375 0.8258928578125 0.0084821421875 0.8357142859375 0 0.7330357140625 0
1 0.13267102656250002 0.08551307968750001 0.105633803125 0.07293762499999999 0.0572183078125 0.07293762499999999 0.0421277671875 0.0785965796875 0.0226358171875 0.09305834843750001 0.025779678125 0.11820925468750001 0.0559607640625 0.12701207187500002 0.101861165625 0.12701207187500002 0.11443662031249999 0.11820925468750001 0.1332997984375 0.10248993749999999 0.13267102656250002 0.08551307968750001
1 0.2496227359375 0 0.23641850937500003 0.006287728125 0.2370472859375 0.031438634375 0.2590543265625 0.035840040625 0.27980382187499997 0.035840040625 0.304954728125 0.03206740625 0.30809859375 0.016976860937499998 0.3043259546875 0.007545271875 0.2930080484375 0 0.2496227359375 0