1 0.452512103125 0.3567115890625 0.452512103125 0.376087009375 0.4548394421875 0.3923624015625 0.45639097812499996 0.4055377671875 0.4594941203125 0.4256882328125 0.46957924999999995 0.44738878125000003 0.4719065890625 0.4559139640625 0.48199171406249997 0.46598923281250004 0.487422196875 0.46676420468749996 0.4990588921875 0.469089259375 0.5068166781250001 0.47063934375 0.5192291421874999 0.469089259375 0.5269869640625 0.4652141921875 0.541726771875 0.457463978125 0.5494845578125 0.4435136421875 0.5502603609375 0.42878833437499997 0.5510361296874999 0.410187884375 0.5556908078125 0.39856260312499997 0.5580181468750001 0.393137446875 0.563248915625 0.3797672140625 0.5657759328124999 0.3435362234375 0.5525877015625 0.31176047812499996 0.547933021875 0.29083496875 0.5347447546875 0.26835945156249996 0.524659625 0.259834196875 0.4998346609375 0.258671740625 0.49673155312499995 0.25905922812500004 0.4866463921875 0.2644843078125 0.47500969687500005 0.2730095625 0.46880348281249995 0.2923849859375 0.4672519109375 0.3086603796875 0.461821459375 0.3210607015625 0.45639097812499996 0.341211165625 0.452512103125 0.3567115890625
1 0.3873465984375 0.1885324953125 0.3749340984375 0.2009328171875 0.372606759375 0.21488315624999998 0.37338254531250004 0.23038350937500002 0.378813009375 0.24665890156249998 0.3927770453125 0.249759 0.40974129843749996 0.237888959375 0.41217153125 0.21488315624999998 0.4090684234375 0.195507665625 0.3997590671875 0.185432396875 0.3873465984375 0.1885324953125
1 0.773684946875 0.0358538265625 0.7643755890625 0.042828990625 0.757393571875 0.060654329687499994 0.758169375 0.0715046390625 0.7589451078125 0.08622995156249999 0.7690302671875 0.0947552015625 0.7830439203124999 0.093684834375 0.7853216421875 0.069954553125 0.782994303125 0.05212921875 0.7814427671875 0.038953853125 0.773684946875 0.0358538265625
1 0.49137439218749995 0.677569353125 0.5061142328125 0.6721441968749999 0.51309625 0.667494084375 0.5138720171875 0.6589689015625 0.5190573296875 0.643753803125 0.5224056078125 0.6101427234375 0.51309625 0.5938673265625 0.5030110890625 0.575266875 0.4929259640625 0.567516665625 0.4766345890625 0.5713917359375 0.46499788906250006 0.5775919328125 0.46189478125 0.5954173390624999 0.4587916390625 0.6078176656250001 0.4564642984375 0.620992959375 0.4549127640625 0.6457935359375 0.4564642984375 0.6589689015625 0.461118978125 0.667494084375 0.4712041390625 0.6744692546875 0.49137439218749995 0.677569353125
1 0.330661615625 0.6181692015625 0.32690909375 0.592317240625 0.3175997359375 0.57836690625 0.3036357015625 0.562866553125 0.2764833921875 0.5651916109374999 0.26950137500000004 0.5768168921875 0.263295125 0.5954173390624999 0.258640446875 0.6116927359375001 0.25786467812499997 0.6349432984375001 0.27725916562499997 0.6589689015625 0.2904474328125 0.677569353125 0.31061771875 0.673694209375 0.3183755046875 0.6574188171875 0.3300122015625 0.632618240625 0.330661615625 0.6181692015625
1 0.979046625 0.3109854328125 0.9650825890625001 0.3125355171875 0.9588763390624999 0.32726082968750003 0.95422165625 0.3512864328125 0.9526701203125001 0.37066192343750004 0.9526701203125001 0.3853872359375 0.9658583578125001 0.38693732187499996 0.9798223921875 0.389262375 0.990046615625 0.37744134375 0.9868044109375 0.3512864328125 0.9852528749999999 0.32338575937499997 0.979046625 0.3109854328125
1 0.268023125 0.4605640765625 0.2719020359375 0.4435136421875 0.275780946875 0.42801329062500004 0.274229375 0.4039876828125 0.262592678125 0.38693732187499996 0.247077071875 0.37763709375 0.2323372671875 0.383062178125 0.221476334375 0.3923624015625 0.21371854843750002 0.40476272812499997 0.20751229843750002 0.42336317812499996 0.2098396390625 0.4373135140625 0.21294278125 0.4613391203125 0.22070056718750003 0.48148958437499995 0.236991946875 0.48691474062499995 0.2509559828125 0.487689709375 0.2610411078125 0.4721893578125 0.268023125 0.4605640765625
1 0.1260554203125 0.340436196875 0.1400194546875 0.33578607968749996 0.1492435171875 0.327435071875 0.1477772765625 0.3040102671875 0.1423467953125 0.2916100140625 0.127606990625 0.29083496875 0.11907340156249999 0.30246025 0.118297634375 0.3257108125 0.1260554203125 0.340436196875
1 0.016831771875000002 0.9372920890625001 0.0323473796875 0.934191990625 0.0385536296875 0.9256668078124999 0.045535646875 0.9124915140625 0.046311415625000005 0.8931160218749999 0.0470871828125 0.8714154734375 0.0424325046875 0.8559151203124999 0.033123146874999995 0.845839853125 0.02458959375 0.8411897406250001 0.016831771875000002 0.8380897140625001 0.0044193078125 0.8373146703125001 0 0.8373146703125001 0.0003876421875 0.9472802359375001 0.016831771875000002 0.9372920890625001
1 0.151817459375 0.9706179203125 0.158547009375 0.9891459515625 0.1665572984375 0.990768384375 0.1789697640625 0.9892183703124999 0.18362444218750001 0.9760430046874999 0.1851760140625 0.967517821875 0.187503353125 0.9597676109375 0.18827915625 0.944267259375 0.18595178125 0.9256668078124999 0.17974553124999998 0.9155915406249999 0.16733306718750002 0.904741303125 0.1556963703125 0.917141625 0.1502659234375 0.934191990625 0.151817459375 0.95201746875 0.151817459375 0.9706179203125
1 0.123889384375 0.7528376031249999 0.1184589375 0.7629128703125 0.1176831703125 0.783063334375 0.123889384375 0.79546365625 0.1394049953125 0.793138603125 0.14638701406250001 0.7745381515624999 0.148714353125 0.7605878125000001 0.1448354421875 0.7520626296875 0.138629228125 0.7497375765625 0.123889384375 0.7528376031249999
1 0.61778634375 0.9752743296874999 0.6412135453125 0.9742991249999999 0.651646228125 0.9526873921875 0.6460941828125 0.926515571875 0.634380584375 0.9206645171875 0.6158340625000001 0.925540365625 0.6050965796875001 0.9401680000000001 0.6080249828125 0.9635722187500001 0.61778634375 0.9752743296874999
1 0.7319939468750001 0.3462858890625 0.73785075 0.335559071875 0.73785075 0.3277576078125 0.7329701109375 0.3150803796875 0.7290655484374999 0.3043533890625 0.7339461828125 0.286800228125 0.7329701109375 0.26339600937499996 0.7329701109375 0.23999179062499998 0.730041709375 0.2282896828125 0.730041709375 0.21658757187500002 0.722232584375 0.2058605796875 0.711495146875 0.189282709375 0.6939247453124999 0.17465507656249998 0.6792827453125 0.17465507656249998 0.6626884640624999 0.17855571875 0.64316578125 0.18733229843750002 0.6275476656250001 0.20683587499999997 0.6197385843750001 0.2156124546875 0.6050965796875001 0.2380413796875 0.60314434375 0.26339600937499996 0.607048865625 0.2897257546875 0.600215946875 0.32385696406250003 0.6060727453125 0.3433603578125 0.6207147453124999 0.342385240625 0.629499946875 0.3611922453125 0.629499946875 0.383342625 0.640237384375 0.3882185625 0.6578077859375 0.384317740625 0.6626884640624999 0.377491571875 0.6695213843750001 0.365789459375 0.6704975484375 0.3570128796875 0.6773304640625 0.3511618265625 0.6851395484375 0.3462858890625 0.6958769828125 0.33653418749999997 0.6997815484375 0.32873272343750004 0.7183281109374999 0.3277576078125 0.7163757859375 0.335559071875 0.7144235484375 0.3443356515625 0.7212565093750001 0.35506246875 0.7319939468750001 0.3462858890625