1 0.3594426421875 0.7508116874999999 0.3864989203125 0.7528409109374999 0.40611471874999994 0.7541937234375 0.435876625 0.7541937234375 0.48390151406250004 0.7663690484375 0.5366612546875 0.760281384375 0.5670995671875 0.7447240265625 0.5819805171875 0.7237554109375 0.5508657984374999 0.6994047640625001 0.506899353125 0.7027867953125 0.47713744687500004 0.710903678125 0.43993506718750003 0.7190205625 0.4189664515625 0.7068452359374999 0.4000270578125 0.7048160171875 0.365530303125 0.720373375 0.3499729421875 0.7311958890625 0.3594426421875 0.7508116874999999
1 0.314009053125 0.6897635796875 0.3360160984375 0.701081490625 0.367454728125 0.7004527140625 0.4102112671875 0.698566396875 0.4491951703125 0.6847334015625 0.4705734421875 0.6652414515625 0.462399396875 0.6338028171875 0.42215794687499997 0.6199698171875 0.3838028171875 0.6168259546875 0.35299295937499997 0.617454728125 0.3385311875 0.6262575453125 0.3077213265625 0.6444919515625 0.2932595578125 0.6658702234375 0.314009053125 0.6897635796875
1 0.466463415625 0.22865853593750002 0.46428571406249997 0.21885888437499998 0.469185540625 0.2057926828125 0.46428571406249997 0.1910932046875 0.4359756109375 0.181837978125 0.41202090625 0.1742160265625 0.3935104515625 0.15625 0.37173345156250004 0.13882839687499998 0.344512196875 0.131206446875 0.3172909421875 0.131206446875 0.27918118281250004 0.1382839734375 0.25032665625 0.15516115156250002 0.21875 0.15080575000000002 0.18118467031250002 0.165505228125 0.1664851921875 0.1856489546875 0.156685540625 0.2117813578125 0.170296165625 0.22920295937500001 0.188262196875 0.247713415625 0.207317071875 0.2596907671875 0.23399390156250002 0.2596907671875 0.25849303125 0.2542465171875 0.2819033078125 0.24009146406249998 0.315657665625 0.22920295937500001 0.3374346703125 0.2324695140625 0.3592116734375 0.2455357140625 0.384255228125 0.258057490625 0.375 0.27057926718749997 0.3875217765625 0.2798344953125 0.431620209375 0.2831010453125 0.471363240625 0.2749346703125 0.500762196875 0.26949042031250003 0.49858449531250004 0.2509799640625 0.4735409421875 0.23954704062499999 0.466463415625 0.22865853593750002
1 0.07012195156249999 0.3125 0.09135453125000001 0.30923345156250004 0.0918989546875 0.28527874531249997 0.08264372812500001 0.2749346703125 0.055966896875000005 0.2733013921875 0.0385452953125 0.286912021875 0.0385452953125 0.305966896875 0.0472560984375 0.3108667234375 0.07012195156249999 0.3125
1 0.06522212499999999 0.41757404062500003 0.0897212546875 0.411585365625 0.09679878125 0.3968858890625 0.09679878125 0.377831009375 0.082099303125 0.366398084375 0.09679878125 0.36204268281249996 0.09952090625 0.3511541828125 0.0897212546875 0.337543553125 0.07393292812499999 0.3369991296875 0.051067071875 0.356054009375 0.022756968750000002 0.3582317046875 0.0015243890624999999 0.37347561093750004 0.0015243890624999999 0.403963415625 0.018401567187500002 0.417029615625 0.06522212499999999 0.41757404062500003
1 0.278636759375 0.398519165625 0.2884364109375 0.3914416390625 0.2884364109375 0.3789198609375 0.278636759375 0.37293118281250004 0.267748259375 0.372386759375 0.2574041828125 0.3789198609375 0.2563153296875 0.39525261093749997 0.26175957968749997 0.3990635890625 0.278636759375 0.398519165625
1 0.552678571875 0.4169642859375 0.5258928578125001 0.4303571421875 0.5272321421874999 0.45223214218749996 0.5397321421875 0.458928571875 0.606696428125 0.45758928593750003 0.624553571875 0.4424107140625 0.6258928578125 0.4299107140625 0.6040178578125001 0.412946428125 0.578571428125 0.412946428125 0.552678571875 0.4169642859375
1 0.056919642187499994 0.5752840890625001 0.0883725671875 0.5747767859375 0.12185470937500001 0.572240259375 0.141132303125 0.5585430171875 0.141132303125 0.533177759375 0.115259740625 0.528104709375 0.0589488609375 0.5270900984375 0.032061687500000005 0.5443384734375 0.031554384375 0.5697037328125 0.056919642187499994 0.5752840890625001
1 0.3044642859375 0.5450892859375001 0.3313717546875 0.5352069828125 0.328571428125 0.5223214281249999 0.31209415625000003 0.5164366874999999 0.29375 0.516071428125 0.26964285781249997 0.5174107140624999 0.2471590890625 0.5341923703125 0.2790178578125 0.546875 0.3044642859375 0.5450892859375001
1 1 0.182972834375 0.9786217328125 0.1766851109375 0.9610160984375 0.171654928125 0.9346076468750001 0.17039738437500002 0.902540240625 0.17794265625 0.8736167015625 0.1810865171875 0.85160965625 0.1836016109375 0.8226861156249999 0.1804577453125 0.797535209375 0.1722837015625 0.7811871203125 0.165995978125 0.763581490625 0.164738428125 0.7422032187500001 0.16410965625 0.7220824953125 0.1678822953125 0.7113933609374999 0.184230384375 0.7063631781249999 0.1986921515625 0.7038480890625001 0.2200704234375 0.7032193171875 0.239562375 0.7139084515625 0.2521378265625 0.7352867187500001 0.261569415625 0.75603621875 0.26471328125000004 0.781815896875 0.26471328125000004 0.800050303125 0.26471328125000004 0.8195422546875 0.269743459375 0.850980884375 0.26534205312500003 0.8685865171874999 0.2521378265625 0.9019114687500001 0.25842555312500004 0.9352364203124999 0.251509053125 0.975477865625 0.2527665984375 1 0.244592553125 1 0.182972834375
1 0.6424107140624999 0.147321428125 0.6611607140625 0.147321428125 0.669196428125 0.1392857140625 0.671428571875 0.12366071406250001 0.6625 0.12053571406250001 0.64375 0.11964285781249999 0.6330357140625 0.12366071406250001 0.6321428578125 0.1392857140625 0.6424107140624999 0.147321428125
1 0.1642857140625 0 0.1741071421875 0.0084821421875 0.1959821421875 0.009375 0.22633928593750002 0.009375 0.2607142859375 0.008035714062500001 0.2669642859375 0 0.1642857140625 0
1 0.894366196875 0.07293762499999999 0.8673289734375 0.08551307968750001 0.8667002015625 0.10248993749999999 0.8855633796875001 0.11820925468750001 0.898138834375 0.12701207187500002 0.9440392359375 0.12701207187500002 0.974220321875 0.11820925468750001 0.9773641828124999 0.09305834843750001 0.9578722328125 0.0785965796875 0.9427816921875 0.07293762499999999 0.894366196875 0.07293762499999999
1 0.7069919515625 0 0.6956740453125 0.007545271875 0.69190140625 0.016976860937499998 0.695045271875 0.03206740625 0.7201961781249999 0.035840040625 0.7409456734375001 0.035840040625 0.7629527140625 0.031438634375 0.763581490625 0.006287728125 0.7503772640624999 0 0.7069919515625 0