1 0.7316405484375 0.5347447546875 0.740165803125 0.524659625 0.741328259375 0.4998346609375 0.740940771875 0.49673155312499995 0.7355156921875 0.4866463921875 0.7269904375 0.47500969687500005 0.7076150140624999 0.46880348281249995 0.6913396203125 0.4672519109375 0.6789392984375 0.461821459375 0.658788834375 0.45639097812499996 0.6432884109375 0.452512103125 0.6239129906249999 0.452512103125 0.6076375984375 0.4548394421875 0.5944622328125 0.45639097812499996 0.5743117671875 0.4594941203125 0.55261121875 0.46957924999999995 0.5440860359374999 0.4719065890625 0.5340107671875 0.48199171406249997 0.5332357953125 0.487422196875 0.530910740625 0.4990588921875 0.52936065625 0.5068166781250001 0.530910740625 0.5192291421874999 0.5347858078125001 0.5269869640625 0.5425360218749999 0.541726771875 0.5564863578125 0.5494845578125 0.571211665625 0.5502603609375 0.589812115625 0.5510361296874999 0.601437396875 0.5556908078125 0.606862553125 0.5580181468750001 0.6202327859375 0.563248915625 0.6564637765625 0.5657759328124999 0.688239521875 0.5525877015625 0.70916503125 0.547933021875 0.7316405484375 0.5347447546875
1 0.8114675046875 0.3873465984375 0.7990671828125 0.3749340984375 0.78511684375 0.372606759375 0.769616490625 0.37338254531250004 0.7533410984375 0.378813009375 0.750241 0.3927770453125 0.762111040625 0.40974129843749996 0.78511684375 0.41217153125 0.804492334375 0.4090684234375 0.814567603125 0.3997590671875 0.8114675046875 0.3873465984375
1 0.9641461734375 0.773684946875 0.9571710093749999 0.7643755890625 0.9393456703125 0.757393571875 0.9284953609375 0.758169375 0.9137700484375 0.7589451078125 0.9052447984375 0.7690302671875 0.9063151656249999 0.7830439203124999 0.9300454468750001 0.7853216421875 0.94787078125 0.782994303125 0.961046146875 0.7814427671875 0.9641461734375 0.773684946875
1 0.432483334375 0.4929259640625 0.42860826406249997 0.4766345890625 0.4224080671875 0.46499788906250006 0.4045826609375 0.46189478125 0.392182334375 0.4587916390625 0.379007040625 0.4564642984375 0.3542064640625 0.4549127640625 0.3410310984375 0.4564642984375 0.332505915625 0.461118978125 0.3255307453125 0.4712041390625 0.322430646875 0.49137439218749995 0.32785580312499996 0.5061142328125 0.332505915625 0.51309625 0.3410310984375 0.5138720171875 0.35624619687500003 0.5190573296875 0.3898572765625 0.5224056078125 0.40613267343750004 0.51309625 0.42473312500000004 0.5030110890625 0.432483334375 0.4929259640625
1 0.4348083890625 0.2764833921875 0.4231831078125 0.26950137500000004 0.4045826609375 0.263295125 0.3883072640625 0.258640446875 0.36505670156250003 0.25786467812499997 0.3410310984375 0.27725916562499997 0.322430646875 0.2904474328125 0.326305790625 0.31061771875 0.3425811828125 0.3183755046875 0.367381759375 0.3300122015625 0.3818307984375 0.330661615625 0.407682759375 0.32690909375 0.42163309375 0.3175997359375 0.437133446875 0.3036357015625 0.4348083890625 0.2764833921875
1 0.6874644828124999 0.9650825890625001 0.6727391703125 0.9588763390624999 0.6487135671875001 0.95422165625 0.6293380765625 0.9526701203125001 0.6146127640625 0.9526701203125001 0.613062678125 0.9658583578125001 0.610737625 0.9798223921875 0.6225586562500001 0.990046615625 0.6487135671875001 0.9868044109375 0.676614240625 0.9852528749999999 0.6890145671875 0.979046625 0.6874644828124999 0.9650825890625001
1 0.616937821875 0.2323372671875 0.6076375984375 0.221476334375 0.5952372718750001 0.21371854843750002 0.576636821875 0.20751229843750002 0.5626864859375 0.2098396390625 0.5386608796875 0.21294278125 0.518510415625 0.22070056718750003 0.513085259375 0.236991946875 0.512310290625 0.2509559828125 0.5278106421875 0.2610411078125 0.5394359234375 0.268023125 0.5564863578125 0.2719020359375 0.571986709375 0.275780946875 0.5960123171875 0.274229375 0.613062678125 0.262592678125 0.62236290625 0.247077071875 0.616937821875 0.2323372671875
1 0.69753975 0.11907340156249999 0.6742891875 0.118297634375 0.659563803125 0.1260554203125 0.6642139203124999 0.1400194546875 0.672564928125 0.1492435171875 0.6959897328125 0.1477772765625 0.7083899859375 0.1423467953125 0.70916503125 0.127606990625 0.69753975 0.11907340156249999
1 0.0875084859375 0.045535646875 0.10688397812499999 0.046311415625000005 0.1285845265625 0.0470871828125 0.1440848796875 0.0424325046875 0.154160146875 0.033123146874999995 0.15881025937499998 0.02458959375 0.1619102859375 0.016831771875000002 0.1626853296875 0.0044193078125 0.1626853296875 0 0.052719764062499994 0.0003876421875 0.0627079109375 0.016831771875000002 0.065808009375 0.0323473796875 0.0743331921875 0.0385536296875 0.0875084859375 0.045535646875
1 0.0239569953125 0.18362444218750001 0.032482178125 0.1851760140625 0.0402323890625 0.187503353125 0.055732740625 0.18827915625 0.0743331921875 0.18595178125 0.084408459375 0.17974553124999998 0.095258696875 0.16733306718750002 0.082858375 0.1556963703125 0.065808009375 0.1502659234375 0.04798253125 0.151817459375 0.0293820796875 0.151817459375 0.0108540484375 0.158547009375 0.009231615625 0.1665572984375 0.010781629687499999 0.1789697640625 0.0239569953125 0.18362444218750001
1 0.2502624234375 0.138629228125 0.247162396875 0.123889384375 0.23708712968749998 0.1184589375 0.21693666562499997 0.1176831703125 0.20453634375 0.123889384375 0.206861396875 0.1394049953125 0.2254618484375 0.14638701406250001 0.2394121875 0.148714353125 0.2479373703125 0.1448354421875 0.2502624234375 0.138629228125
1 0.059831999999999996 0.6050965796875001 0.03642778125 0.6080249828125 0.0247256703125 0.61778634375 0.025700875 0.6412135453125 0.047312607812500004 0.651646228125 0.073484428125 0.6460941828125 0.0793354828125 0.634380584375 0.074459634375 0.6158340625000001 0.059831999999999996 0.6050965796875001
1 0.634210540625 0.6695213843750001 0.6429871203124999 0.6704975484375 0.6488381734375 0.6773304640625 0.6537141109375 0.6851395484375 0.6634658124999999 0.6958769828125 0.6712672765625001 0.6997815484375 0.6722423921875 0.7183281109374999 0.664440928125 0.7163757859375 0.6556643484375 0.7144235484375 0.64493753125 0.7212565093750001 0.6537141109375 0.7319939468750001 0.664440928125 0.73785075 0.6722423921875 0.73785075 0.6849196203125001 0.7329701109375 0.6956466109375 0.7290655484374999 0.713199771875 0.7339461828125 0.736603990625 0.7329701109375 0.760008209375 0.7329701109375 0.7717103171875 0.730041709375 0.783412428125 0.730041709375 0.7941394203125001 0.722232584375 0.810717290625 0.711495146875 0.8253449234374999 0.6939247453124999 0.8253449234374999 0.6792827453125 0.82144428125 0.6626884640624999 0.8126677015625001 0.64316578125 0.793164125 0.6275476656250001 0.7843875453125 0.6197385843750001 0.7619586203125001 0.6050965796875001 0.736603990625 0.60314434375 0.7102742453124999 0.607048865625 0.6761430359375 0.600215946875 0.6566396421875 0.6060727453125 0.657614759375 0.6207147453124999 0.6388077546875001 0.629499946875 0.6166573750000001 0.629499946875 0.6117814375 0.640237384375 0.615682259375 0.6578077859375 0.622508428125 0.6626884640624999 0.634210540625 0.6695213843750001