1 0.8803713343749999 0.9559668078125 0.885471603125 0.896521571875 0.8761211031249999 0.8744418390625001 0.8557200359375001 0.860854396875 0.8429693703125001 0.8710450171874999 0.837869103125 0.8973707359375 0.8387191734374999 0.9160535671875 0.8404192359374999 0.94322853125 0.8421193390624999 0.963609771875 0.8565701078125001 0.9704035718749999 0.8676206703125 0.9704035718749999 0.8820714374999999 0.9602129515625 0.8803713343749999 0.9559668078125
1 0.8089676109375 0.8447192187500001 0.81491790625 0.8175442593750001 0.8098176421875 0.7903692140625 0.796216946875 0.7835754953125 0.7902666468749999 0.7971630140625 0.7885665453125 0.8183934234375 0.7860164109375 0.8447192187500001 0.7860164109375 0.86425121875 0.7902666468749999 0.8769894953125 0.800467178125 0.8761403265625001 0.8089676109375 0.8651004640625001 0.8098176421875 0.8489652859374999 0.8089676109375 0.8447192187500001
1 0.9279516734375 0.7088379828125 0.9279516734375 0.7028935093750001 0.92455146875 0.7054411609375 0.9296517359375001 0.6994966078125 0.9255484828125 0.7039434421874999 0.9288017046875 0.679115365625 0.9288017046875 0.6536388125 0.9220013343750001 0.639202125 0.9109507718750001 0.6375036390625 0.8965000046875 0.6476942593749999 0.889699678125 0.6663770890625 0.889699678125 0.685909084375 0.8922498078125001 0.707139571875 0.8939498703125001 0.721576259375 0.9067005359375001 0.7266715718750001 0.9228514062500001 0.7224255046875 0.9279516734375 0.7088379828125
1 0.8701486421875 0.5789075671874999 0.8633482765625 0.5500341921875 0.847197446875 0.5254068078125 0.8310466156249999 0.5228591515625001 0.8208460843750001 0.537295915625 0.8191459828125 0.568716946875 0.8225461468749999 0.5941935 0.8293465140625 0.621368540625 0.8497475796874999 0.628162259375 0.865048375 0.618820884375 0.867598509375 0.602685709375 0.8701486421875 0.5789075671874999
1 0.84549734375 0.6459958484375 0.847197446875 0.6714724015625 0.8463474156249999 0.6842106734375 0.856547946875 0.7139332953124999 0.8633482765625 0.7377114375 0.8735488078125 0.74450515625 0.889699678125 0.741108334375 0.8956499734375001 0.7266715718750001 0.8922498078125001 0.691004396875 0.890549709375 0.66552784375 0.8845994109375 0.6417497812499999 0.8786490765625 0.6349559828125 0.868448540625 0.6324083265625 0.8539978125 0.6349559828125 0.84549734375 0.6459958484375
1 0.9577031968749999 0.6069201390625001 0.954303071875 0.6230553171875 0.954303071875 0.6417381468750001 0.9594033390625001 0.6595717328124999 0.9679037328125 0.665516209375 0.9823545359375 0.6663654546875 0.989154865625 0.648531865625 0.989154865625 0.62560296875 0.9874548031250001 0.6154123484375 0.9704538656249999 0.6018248296875 0.9577031968749999 0.6069201390625001
1 0.9611034015625 0.47017183906250004 0.9526029328125001 0.441298384375 0.9415523703125 0.4302585984375 0.925401540625 0.43959997343749996 0.9203012718749999 0.45233825000000005 0.9203012718749999 0.4761163921875 0.9356020718750001 0.49904529062499997 0.9526029328125001 0.5024421109375 0.9594033390625001 0.49734679843749996 0.9509028703125001 0.49989445468750004 0.9534530046875 0.49734679843749996 0.9611034015625 0.47017183906250004
1 0.8862994734375 0.255246165625 0.8820492765625 0.26628603125 0.8820492765625 0.28072271875 0.8854494421875 0.301103959375 0.9067005359375001 0.301103959375 0.9143509375000001 0.29176258437499997 0.9140800046875001 0.288529759375 0.9177511390624999 0.2620399640625 0.9075506078125001 0.2501508578125 0.8862994734375 0.255246165625
1 0.5842915265624999 0.0777594640625 0.573240959375 0.0896485765625 0.568140696875 0.1159742953125 0.576641125 0.147395478125 0.5961921609374999 0.1584352671875 0.6157431921875001 0.149943134375 0.6069797046875001 0.1470852234375 0.6097928578125 0.09899003125 0.6063926921875 0.07606113437499999 0.5842915265624999 0.0777594640625
1 0.46024997343749996 0.269682928125 0.4483493390625 0.2645876203125 0.43984890625000006 0.279873553125 0.4355986734375 0.301103959375 0.4389988390625 0.3265805140625 0.4474993078125 0.3418664421875 0.45769983906249995 0.3376203796875 0.466200271875 0.322334446875 0.46450017031249996 0.3180883796875 0.46450017031249996 0.296008646875 0.46024997343749996 0.269682928125
1 0.554604896875 0.6145183578125 0.5469544953125001 0.6365980890625 0.5478045265625 0.6671699515625 0.5495046296874999 0.6968925671874999 0.5690556250000001 0.701138634375 0.5843564234375 0.694344915625 0.590306759375 0.6739636734375 0.5894566875 0.63574884375 0.57925615625 0.6136691921875 0.554604896875 0.6145183578125
1 0.5023422046875 0.8124391031249999 0.48874146874999996 0.8200820671875 0.476840875 0.8404633078125 0.47854093750000004 0.8599953078125001 0.48534130312499996 0.891416415625 0.491291603125 0.893964071875 0.5082925046875 0.888868759375 0.5099926031249999 0.8693366828125001 0.5125427359375 0.8633922046875 0.5176430046875 0.8353680000000001 0.5023422046875 0.8124391031249999
1 0.24823432968749998 0.793756271875 0.2507844640625 0.8302726874999999 0.2567347640625 0.8438601296874999 0.26353512968750004 0.8515030984375 0.2703354953125 0.8353680000000001 0.2737356609375 0.8192328218749999 0.2705710796875 0.8148053796875001 0.2711855265625 0.7920578609375 0.2567347640625 0.774224271875 0.24823432968749998 0.793756271875
1 0.30263715625 0.6612782015625001 0.299236990625 0.6315555796875 0.2907365625 0.622214125 0.28053603125 0.6256110265625 0.267785365625 0.650238334375 0.267785365625 0.680810196875 0.2745856921875 0.7088344015625 0.289036459375 0.7156282015625 0.29668685781250004 0.7062867500000001 0.2975368890625 0.6960961296875 0.29668685781250004 0.6994930265625 0.30263715625 0.6612782015625001
1 0.1691802046875 0.7394062671875 0.1683301734375 0.7555414421875 0.165780040625 0.7759226828125 0.1742804734375 0.7997008265625001 0.1810808390625 0.803097646875 0.18421371875 0.803880134375 0.18774319687500002 0.7880456031249999 0.188731240625 0.754692196875 0.1870311390625 0.7300648890625 0.17343044218749998 0.726667990625 0.1691802046875 0.7394062671875
1 0.22358303125 0.63451215625 0.220182865625 0.6149801609375001 0.209132303125 0.6081863609375 0.1938315046875 0.6073371921875 0.18363097343749998 0.616678571875 0.1785307046875 0.6379090578125 0.1878811703125 0.6591394640625 0.198931771875 0.6795207046875 0.21168243750000001 0.6829176078125 0.2184827640625 0.674425396875 0.222148625 0.6657151921875 0.22358303125 0.63451215625
1 0.138295240625 0.353346553125 0.1459456390625 0.3711801421875 0.162096509375 0.3669340765625 0.1705969375 0.3448544203125 0.16549667031249998 0.3202270359375 0.1527460046875 0.31088566093750003 0.138295240625 0.3329653125 0.138295240625 0.353346553125
1 0.40362466562500005 0.2183208265625 0.39257410312499996 0.225114625 0.3832235984375 0.24294821406249997 0.3815235 0.267575521875 0.3857737328125 0.2879567640625 0.3968242984375 0.2939013171875 0.4112750625 0.2871075171875 0.412975165625 0.276916896875 0.41382519687499997 0.26842476406250004 0.412975165625 0.2395513125 0.40362466562500005 0.2183208265625
1 0.38155040625000003 0.39750593749999996 0.3653995765625 0.411942625 0.358599209375 0.43147470156249995 0.35434901406249997 0.4459113890625 0.35434901406249997 0.467141875 0.36199941562500004 0.49346759375 0.3875007453125 0.501959803125 0.39515114218749997 0.4807293171875 0.40365157187499995 0.4527051078125 0.3892008078125 0.40684731249999995 0.38155040625000003 0.39750593749999996
1 0.37049984375 0.324473178125 0.35944928125 0.31598096875000004 0.35009878125 0.3227746921875 0.346698615625 0.34400517812500003 0.35009878125 0.372029384375 0.3551990453125 0.3881645625 0.362849446875 0.391561384375 0.367949709375 0.3907122140625 0.371349875 0.37627545156250003 0.372199946875 0.3474020765625 0.37049984375 0.324473178125
1 0.6287581921875 0.706256321875 0.6355585625 0.715597771875 0.6406588265625001 0.7054071515625 0.6500093296875 0.7393758390625 0.6610598921874999 0.7640032234375 0.6729605265624999 0.7665508796875 0.6763606921875 0.749566459375 0.6814609546875 0.749566459375 0.690811459375 0.723240740625 0.692511521875 0.6629461828125 0.6857111921875 0.6425649375 0.6729605265624999 0.6400172859375 0.6619099234375 0.6493587359374999 0.6610598921874999 0.6493587359374999 0.652559459375 0.6255805984375 0.64575909375 0.6085962546875 0.6296082640625 0.6111439109375 0.6194077328125001 0.636620459375 0.6211077953124999 0.677382946875 0.6287581921875 0.706256321875
1 0.2743455984375 0.056329062500000006 0.252640709375 0.048786696875 0.24355567812499998 0.0536325359375 0.236597978125 0.07801345937500001 0.2450911734375 0.095926678125 0.2696271296875 0.10064063906250001 0.2875572546875 0.07801345937500001 0.2743455984375 0.056329062500000006