1 0.4525857015625 0.26451196875 0.43980655312500005 0.32245488906249997 0.43980655312500005 0.381379790625 0.4584837859375 0.4501255984375 0.459466771875 0.483516321875 0.49682120156250004 0.49628349062500005 0.5302435171875 0.4864625796875 0.5479377234375 0.44816140156250006 0.5619405937499999 0.38291170937499996 0.544005696875 0.3312935796875 0.5282775453124999 0.289064084375 0.5096003125 0.271386540625 0.48600802187500003 0.252727021875 0.4525857015625 0.26451196875
1 0.9546583265624999 0.9211384515625 0.9723525093750001 0.9309592765625 0.998293 0.9333258343749999 1 0.8337331203125 0.9831656078125001 0.8396255531250001 0.9585903531250001 0.8543568390624999 0.9546583265624999 0.8956042765625 0.9546583265624999 0.9211384515625
1 0.8121217640625 0.976135071875 0.8327649734374999 0.9957767328125 0.8524000984375 0.9731148078125 0.8494761921875 0.9447084234375 0.8396460843750001 0.9211384515625 0.824900915625 0.9122997187499999 0.8131047953125 0.9201563484375 0.8076982046875001 0.9427442671874999 0.8121217640625 0.976135071875
1 0.8514422046875 0.7581127359375001 0.8543912499999999 0.7767722546875 0.860289290625 0.7954318578125 0.8671703578125 0.814091459375 0.8848645671875 0.8013243703124999 0.8878136078125 0.7748080578125001 0.8878136078125 0.7590947953125 0.8799494687499999 0.7492739640625 0.853408178125 0.7463277046875 0.8514422046875 0.7581127359375001
1 0.8465271515625 0.3328709515625 0.8553742359375001 0.3505484109375 0.8681533437500001 0.35251261093749997 0.890762646875 0.34662009843749997 0.89174559375 0.32206798281250004 0.8819155265624999 0.3073367765625 0.8652043031250001 0.290641375 0.853408178125 0.3043905171875 0.8504591781249999 0.3210859234375 0.8465271515625 0.3328709515625
1 0.7226677859375 0.42616879531249996 0.7246338390625 0.45563128593749996 0.7344639515625 0.46643417343750004 0.761988228125 0.4772370625 0.7845974906250001 0.4821475171875 0.79049553125 0.4683983703125 0.8006744328125001 0.4227006828125 0.7934445718750001 0.392777990625 0.7767333921875 0.3878675359375 0.7541241296875001 0.37608258437500003 0.7216847984375 0.3898317328125 0.7226677859375 0.42616879531249996
1 0.7373186390625001 0.5688964859375 0.7005789640625 0.5689383343750001 0.66982421875 0.583830915625 0.66536690625 0.634709821875 0.668729071875 0.6501674109375 0.7025878921875 0.6810477140625 0.7498674640625 0.653215678125 0.7533342640625 0.6117327015625 0.7373186390625001 0.5688964859375
1 0.5816755 0.185309709375 0.5821428578125001 0.2446428578125 0.605433875 0.25947265625 0.6296595984375 0.24987444218750002 0.629143415625 0.19280133906250002 0.6024553578125 0.1776297453125 0.5816755 0.185309709375
1 0.22054966562499997 0.03294503125 0.20050920468750003 0.0987792953125 0.2517857140625 0.11785714218750001 0.2434709828125 0.0330217640625 0.22054966562499997 0.03294503125
1 0.056919642187499994 0.3114746078125 0.021017021875 0.2980957046875 0 0.3341657359375 0.007512553125 0.3859026203125 0.0685686390625 0.3963588171875 0.056919642187499994 0.3114746078125
1 0.4803571421875 0.6678571421874999 0.5456333703125 0.6767438609374999 0.5662876703124999 0.6359235484375 0.532038228125 0.565506415625 0.48087332656250004 0.57705078125 0.4803571421875 0.6678571421874999
1 0.3892857140625 0.9625 0.3889787953125 0.9335449203125 0.3633300796875 0.9132533484375 0.3399065265625 0.9400599859375 0.3422084234375 0.9696358796875 0.3667340984375 0.9696358796875 0.3892857140625 0.9625
1 0.2591986828125 0.2023137015625 0.2674815578125 0.322981865625 0.3346005484375 0.401417428125 0.3844992140625 0.40705683437499995 0.3950730984375 0.352928615625 0.4038846703125 0.2865145484375 0.38296348281250003 0.20173465625000003 0.333165521875 0.1578152671875 0.2591986828125 0.2023137015625