1 0.14854746875 0.668229115625 0.153501615625 0.6335167234375 0.1522629828125 0.6161605265625 0.1423549375 0.6037632984375 0.12377710312500001 0.5938454281250001 0.094052584375 0.5975646203125 0.0729976109375 0.6025235265625 0.049465625 0.6149208171875 0.0519426390625 0.6471537234375 0.06061242812499999 0.6657496921875 0.0791902671875 0.6756674375 0.09900660781250001 0.6781469234374999 0.107676146875 0.6880647328125 0.1287309953125 0.679386634375 0.14854746875 0.668229115625
1 0.24762930781249998 0.706660634375 0.2723997984375 0.6942634062499999 0.2810694640625 0.6707085359375 0.279830959375 0.6521125671875 0.2674456515625 0.6322770140625 0.246390803125 0.624838625 0.21542778125 0.6297975265625 0.1943728078125 0.6409551109375 0.180748990625 0.6620304375 0.18198762500000001 0.6781469234374999 0.19189567031250002 0.6992222499999999 0.196849946875 0.7103798296875 0.2253358265625 0.7128592499999999 0.24762930781249998 0.706660634375
1 0.57459921875 0.8269142953124999 0.582030509375 0.8269142953124999 0.6080393796875 0.8306334281250001 0.6204246875 0.8343526203125 0.64024103125 0.8343526203125 0.665011521875 0.8293935890625 0.6848277359375 0.8293935890625 0.7083597234375001 0.8318731390625 0.7281760671875 0.8318731390625 0.7628547328125 0.825674459375 0.78638671875 0.8107977453125 0.7814326968749999 0.7723661609375 0.7789555578125 0.7525306734375 0.7715243968750001 0.743852446875 0.73313034375 0.725256540625 0.698451678125 0.7165784421875 0.66748840625 0.7153387328125 0.6575803609374999 0.71781815625 0.6216631921875 0.7264962500000001 0.5634526703125 0.725256540625 0.536205040625 0.7339346390625 0.522581353125 0.7450922234374999 0.5064806515625 0.7723661609375 0.5064806515625 0.7922017765625 0.5228825984375 0.8224652671875001 0.5485903484375 0.82443475 0.5646911734375 0.8269142953124999 0.57459921875 0.8269142953124999
1 0.3231790359375 0.6434345312499999 0.3293718171875 0.6607906609375 0.341757 0.6731880171875 0.35538068749999996 0.6731880171875 0.37272002187500003 0.6669893390625 0.3851053296875 0.6570715984375 0.3875823390625 0.6508729203125 0.38882071875 0.6483935 0.39129785781250004 0.6322770140625 0.3925363609375 0.621119428125 0.386343834375 0.60624271875 0.3739585265625 0.600044040625 0.3516651703125 0.60624271875 0.3343258390625 0.621119428125 0.3256561734375 0.6310373031250001 0.3231790359375 0.6434345312499999
1 0.2872619953125 0.389290396875 0.28602348593750004 0.3719342671875 0.271161040625 0.3657355890625 0.2538219640625 0.363256103125 0.23772100937500001 0.36077668281249997 0.21790466562500002 0.352098584375 0.20799649531250003 0.3471396828125 0.1980884515625 0.3459000046875 0.196849946875 0.3459000046875 0.18941865625 0.3471396828125 0.1782719828125 0.352098584375 0.1683639375 0.35581778124999996 0.15597862499999998 0.3657355890625 0.1522629828125 0.3669753296875 0.151024478125 0.3781328484375 0.151024478125 0.39300959375 0.1584556390625 0.40540688437499994 0.16960231718750002 0.41780411093750003 0.18198762500000001 0.42648220937500003 0.1962543171875 0.427182634375 0.23772100937500001 0.43144117812499994 0.2649686390625 0.4227630484375 0.2810694640625 0.41284527187500003 0.2872619953125 0.389290396875
1 0.8925491921875001 0.389644884375 0.9158187359375001 0.380910334375 0.9289077546875 0.35325103593749996 0.9158187359375001 0.3299589328125 0.8910950218749999 0.30957840625 0.851827821875 0.30957840625 0.8300127453125 0.3183129203125 0.7980172859375 0.35179522812499997 0.8198323656250001 0.3779987953125 0.8489191828125 0.3881890765625 0.8707342640625001 0.391100540625 0.8925491921875001 0.389644884375
1 0.5376906734375 0.1741933265625 0.49551483437500005 0.1625473125 0.440249834375 0.159635771875 0.4169804375 0.19602962031249999 0.4169804375 0.2338792046875 0.4577019546875 0.25280403125 0.48824309374999997 0.25280403125 0.4867887765625 0.251348228125 0.5565971109375 0.2484367234375 0.57550340625 0.2149544515625 0.5624143890625 0.19311815625 0.5376906734375 0.1741933265625
1 0.273000803125 0.2484367234375 0.2337336078125 0.2498925671875 0.209010040625 0.260082771875 0.195920875 0.27172886093750004 0.209010040625 0.299388125 0.2337336078125 0.3168571828125 0.27590958906249996 0.32559165624999997 0.3151766421875 0.3183129203125 0.3413549734375 0.3022996296875 0.3282658078125 0.270273053125 0.294815884375 0.2557155 0.273000803125 0.2484367234375
1 0.20464708437499998 0.1552685 0.200283978125 0.1348880140625 0.1828320046875 0.1145074515625 0.17410579531249998 0.1101402140625 0.1319301078125 0.11159591093750001 0.12320404843749999 0.11305167812500001 0.102843290625 0.147989759375 0.10586140156249998 0.15716353593750002 0.13338427656250001 0.1872950765625 0.1639255671875 0.200396896875 0.19301238437499998 0.18292783906250001 0.20464708437499998 0.1552685
1 0.16247124531249998 0.117418915625 0.17992321875 0.1101402140625 0.195920875 0.0955826203125 0.20464708437499998 0.0781135984375 0.1915577671875 0.063556084375 0.166834353125 0.0504542984375 0.14647359375 0.0358967453125 0.12465836562499999 0.034441009375 0.0984801828125 0.0388082453125 0.073756321875 0.054821571874999996 0.0635760890625 0.082480875 0.06939336093750001 0.079569334375 0.10720639218750001 0.10868440625 0.12465836562499999 0.1159631828125 0.1479277640625 0.1159631828125 0.16247124531249998 0.117418915625
1 1 0.10868440625 0.98999003125 0.105772978125 0.9725382046875 0.105772978125 0.9550857859375 0.11305167812500001 0.9419967671875 0.12760927187499999 0.9376339640625 0.13925525 0.9376339640625 0.1523569953125 0.9434512359375 0.16545878125 0.9565402546874999 0.181472103125 0.9827182859375 0.18875092031250001 1 0.19602962031249999 1 0.10868440625