1 0.1289549828125 0.8429693703125001 0.10262926406249999 0.837869103125 0.0839464328125 0.8387191734374999 0.05677146875 0.8404192359374999 0.036390228125 0.8421193390624999 0.029596428125 0.8565701078125001 0.029596428125 0.8676206703125 0.0397870484375 0.8820714374999999 0.0440331921875 0.8803713343749999 0.10347842812500001 0.885471603125 0.1255581609375 0.8761211031249999 0.139145603125 0.8557200359375001 0.1289549828125 0.8429693703125001
1 0.20283698593750002 0.7902666468749999 0.1816065765625 0.7885665453125 0.15528078125 0.7860164109375 0.13574878125 0.7860164109375 0.12301050468750001 0.7902666468749999 0.1238596734375 0.800467178125 0.13489953593749998 0.8089676109375 0.1510347140625 0.8098176421875 0.15528078125 0.8089676109375 0.182455740625 0.81491790625 0.2096307859375 0.8098176421875 0.21642450468750002 0.796216946875 0.20283698593750002 0.7902666468749999
1 0.3624963609375 0.9109507718750001 0.352305740625 0.8965000046875 0.3336229109375 0.889699678125 0.31409091562499997 0.889699678125 0.292860428125 0.8922498078125001 0.27842374062499997 0.8939498703125001 0.273328428125 0.9067005359375001 0.2775744953125 0.9228514062500001 0.2911620171875 0.9279516734375 0.297106490625 0.9279516734375 0.2945588390625 0.92455146875 0.3005033921875 0.9296517359375001 0.2960565578125 0.9255484828125 0.320884634375 0.9288017046875 0.3463611875 0.9288017046875 0.360797875 0.9220013343750001 0.3624963609375 0.9109507718750001
1 0.4771408484375 0.8310466156249999 0.462704084375 0.8208460843750001 0.43128305312500004 0.8191459828125 0.4058065 0.8225461468749999 0.378631459375 0.8293465140625 0.371837740625 0.8497475796874999 0.381179115625 0.865048375 0.397314290625 0.867598509375 0.42109243281250003 0.8701486421875 0.4499658078125 0.8633482765625 0.4745931921875 0.847197446875 0.4771408484375 0.8310466156249999
1 0.258891665625 0.889699678125 0.273328428125 0.8956499734375001 0.30899560312499996 0.8922498078125001 0.33447215625000004 0.890549709375 0.35825021874999996 0.8845994109375 0.3650440171875 0.8786490765625 0.3675916734375 0.868448540625 0.3650440171875 0.8539978125 0.3540041515625 0.84549734375 0.3285275984375 0.847197446875 0.3157893265625 0.8463474156249999 0.2860667046875 0.856547946875 0.2622885625 0.8633482765625 0.25549484375 0.8735488078125 0.258891665625 0.889699678125
1 0.35826185312500003 0.954303071875 0.34042826718749997 0.9594033390625001 0.334483790625 0.9679037328125 0.3336345453125 0.9823545359375 0.351468134375 0.989154865625 0.37439703125 0.989154865625 0.3845876515625 0.9874548031250001 0.3981751703125 0.9704538656249999 0.3930798609375 0.9577031968749999 0.3769446828125 0.954303071875 0.35826185312500003 0.954303071875
1 0.5604000265625 0.925401540625 0.54766175 0.9203012718749999 0.5238836078125 0.9203012718749999 0.500954709375 0.9356020718750001 0.4975578890625 0.9526029328125001 0.5026532015625 0.9594033390625001 0.5001055453125 0.9509028703125001 0.5026532015625 0.9534530046875 0.5298281609375 0.9611034015625 0.558701615625 0.9526029328125001 0.5697414015625 0.9415523703125 0.5604000265625 0.925401540625
1 0.73371396875 0.8820492765625 0.71927728125 0.8820492765625 0.698896040625 0.8854494421875 0.698896040625 0.9067005359375001 0.708237415625 0.9143509375000001 0.711470240625 0.9140800046875001 0.7379600359375 0.9177511390624999 0.7498491421875 0.9075506078125001 0.744753834375 0.8862994734375 0.73371396875 0.8820492765625
1 0.9103514234375 0.573240959375 0.8840257046875 0.568140696875 0.8526045218749999 0.576641125 0.8415647328125001 0.5961921609374999 0.8500568656249999 0.6157431921875001 0.8529147765625 0.6069797046875001 0.9010099687500001 0.6097928578125 0.923938865625 0.6063926921875 0.9222405359374999 0.5842915265624999 0.9103514234375 0.573240959375
1 0.7201264468749999 0.43984890625000006 0.698896040625 0.4355986734375 0.6734194859375 0.4389988390625 0.6581335578124999 0.4474993078125 0.6623796203125 0.45769983906249995 0.677665553125 0.466200271875 0.6819116203125 0.46450017031249996 0.7039913531249999 0.46450017031249996 0.730317071875 0.46024997343749996 0.7354123796875001 0.4483493390625 0.7201264468749999 0.43984890625000006
1 0.3634019109375 0.5469544953125001 0.3328300484375 0.5478045265625 0.30310743281249997 0.5495046296874999 0.298861365625 0.5690556250000001 0.305655084375 0.5843564234375 0.32603632656250003 0.590306759375 0.36425115625000004 0.5894566875 0.3863308078125 0.57925615625 0.3854816421875 0.554604896875 0.3634019109375 0.5469544953125001
1 0.1595366921875 0.476840875 0.1400046921875 0.47854093750000004 0.108583584375 0.48534130312499996 0.106035928125 0.491291603125 0.11113124062499999 0.5082925046875 0.1306633171875 0.5099926031249999 0.1366077953125 0.5125427359375 0.164632 0.5176430046875 0.187560896875 0.5023422046875 0.1799179328125 0.48874146874999996 0.1595366921875 0.476840875
1 0.1697273125 0.2507844640625 0.1561398703125 0.2567347640625 0.1484969015625 0.26353512968750004 0.164632 0.2703354953125 0.180767178125 0.2737356609375 0.1851946203125 0.2705710796875 0.20794213906249998 0.2711855265625 0.225775728125 0.2567347640625 0.20624372812499997 0.24823432968749998 0.1697273125 0.2507844640625
1 0.3743889734375 0.28053603125 0.349761665625 0.267785365625 0.319189803125 0.267785365625 0.2911655984375 0.2745856921875 0.2843717984375 0.289036459375 0.29371325000000004 0.29668685781250004 0.3039038703125 0.2975368890625 0.3005069734375 0.29668685781250004 0.3387217984375 0.30263715625 0.3684444203125 0.299236990625 0.377785875 0.2907365625 0.3743889734375 0.28053603125
1 0.22407731718749999 0.165780040625 0.2002991734375 0.1742804734375 0.19690235312499998 0.1810808390625 0.196119865625 0.18421371875 0.211954396875 0.18774319687500002 0.245307803125 0.188731240625 0.2699351109375 0.1870311390625 0.273332009375 0.17343044218749998 0.2605937328125 0.1691802046875 0.24445855781249998 0.1683301734375 0.22407731718749999 0.165780040625
1 0.39266280781249996 0.1938315046875 0.38332142812500003 0.18363097343749998 0.3620909421875 0.1785307046875 0.3408605359375 0.1878811703125 0.3204792953125 0.198931771875 0.3170823921875 0.21168243750000001 0.32557460312500003 0.2184827640625 0.3342848078125 0.222148625 0.36548784375 0.22358303125 0.38501983906250004 0.220182865625 0.3918136390625 0.209132303125 0.39266280781249996 0.1938315046875
1 0.6670346875 0.138295240625 0.646653446875 0.138295240625 0.6288198578124999 0.1459456390625 0.6330659234375 0.162096509375 0.6551455796875 0.1705969375 0.6797729640625 0.16549667031249998 0.6891143390625001 0.1527460046875 0.6670346875 0.138295240625
1 0.7570517859375 0.3832235984375 0.732424478125 0.3815235 0.7120432359375 0.3857737328125 0.7060986828125 0.3968242984375 0.7128924828125001 0.4112750625 0.723083103125 0.412975165625 0.7315752359375 0.41382519687499997 0.7604486875 0.412975165625 0.7816791734375 0.40362466562500005 0.774885375 0.39257410312499996 0.7570517859375 0.3832235984375
1 0.5685252984375 0.358599209375 0.5540886109375001 0.35434901406249997 0.532858125 0.35434901406249997 0.5065324062500001 0.36199941562500004 0.498040196875 0.3875007453125 0.5192706828125 0.39515114218749997 0.5472948921875 0.40365157187499995 0.5931526875 0.3892008078125 0.6024940625 0.38155040625000003 0.588057375 0.3653995765625 0.5685252984375 0.358599209375
1 0.6772253078125 0.35009878125 0.655994821875 0.346698615625 0.627970615625 0.35009878125 0.6118354375 0.3551990453125 0.608438615625 0.362849446875 0.6092877859375 0.367949709375 0.6237245484375 0.371349875 0.6525979234375 0.372199946875 0.675526821875 0.37049984375 0.68401903125 0.35944928125 0.6772253078125 0.35009878125
1 0.3599827140625 0.6729605265624999 0.35064126406249996 0.6619099234375 0.35064126406249996 0.6610598921874999 0.37441940156250003 0.652559459375 0.3914037453125 0.64575909375 0.3888560890625 0.6296082640625 0.363379540625 0.6194077328125001 0.322617053125 0.6211077953124999 0.293743678125 0.6287581921875 0.284402228125 0.6355585625 0.2945928484375 0.6406588265625001 0.2606241609375 0.6500093296875 0.2359967765625 0.6610598921874999 0.23344912031249998 0.6729605265624999 0.250433540625 0.6763606921875 0.250433540625 0.6814609546875 0.276759259375 0.690811459375 0.3370538171875 0.692511521875 0.3574350625 0.6857111921875 0.3599827140625 0.6729605265624999
1 0.921986540625 0.2875572546875 0.9436709375 0.2743455984375 0.9512133031250001 0.252640709375 0.9463674640624999 0.24355567812499998 0.921986540625 0.236597978125 0.9040733218750001 0.2450911734375 0.8993593609375001 0.2696271296875 0.921986540625 0.2875572546875