1 0.9208097328125 0.32433256250000003 0.9009933921875 0.3218530765625 0.892323853125 0.31193526718750003 0.8712690046875 0.320613365625 0.85145253125 0.331770884375 0.846498384375 0.3664832765625 0.8477370171875 0.3838394734375 0.8576450624999999 0.3962367015625 0.876222896875 0.406154571875 0.9059474156249999 0.40243537968750004 0.9270023890625 0.3974764734375 0.9505343749999999 0.38507918281250003 0.9480573609375 0.3528462765625 0.939387571875 0.3342503078125 0.9208097328125 0.32433256250000003
1 0.8081043296875 0.30077775 0.803150053125 0.2896201703125 0.7746641734375 0.28714075 0.7523706921875 0.29333936562499996 0.7276002015625 0.30573659375 0.7189305359375 0.3292914640625 0.720169040625 0.3478874328125 0.7325543484375 0.3677229859375 0.753609196875 0.375161375 0.7845722187499999 0.3702024734375 0.8056271921875 0.3590448890625 0.8192510093750001 0.3379695625 0.818012375 0.3218530765625 0.8081043296875 0.30077775
1 0.21361328125 0.18920225468750002 0.218567303125 0.22763383906249998 0.22104444218750002 0.2474693265625 0.228475603125 0.25614755312500004 0.26686965625000003 0.274743459375 0.301548321875 0.2834215578125 0.33251159375 0.2846612671875 0.3424196390625 0.28218184375 0.3783368078125 0.27350375 0.4365473296875 0.274743459375 0.46379495937500004 0.2660653609375 0.477418646875 0.25490777656249997 0.49351934843749995 0.22763383906249998 0.49351934843749995 0.20779822343749998 0.47711740156250004 0.1775347328125 0.4514096515625 0.17556525 0.4353088265625 0.1730857046875 0.42540078125 0.1730857046875 0.417969490625 0.1730857046875 0.3919606203125 0.16936657187499998 0.3795753125 0.1656473796875 0.35975896875 0.1656473796875 0.334988478125 0.1706064109375 0.3151722640625 0.1706064109375 0.2916402765625 0.1681268609375 0.2718239328125 0.1681268609375 0.2371452671875 0.174325540625 0.21361328125 0.18920225468750002
1 0.6136561656249999 0.39375728125 0.6260414734374999 0.399955959375 0.6483348296875 0.39375728125 0.6656741609375 0.378880571875 0.6743438265624999 0.368962696875 0.6768209640625 0.35656546875 0.6706281828125 0.3392093390625 0.6582429999999999 0.3268119828125 0.6446193124999999 0.3268119828125 0.627279978125 0.3330106609375 0.6148946703125 0.3429284015625 0.6124176609374999 0.3491270796875 0.61117928125 0.35160650000000004 0.6087021421875 0.3677229859375 0.6074636390625 0.378880571875 0.6136561656249999 0.39375728125
1 0.8217280171875 0.647901415625 0.8316360625 0.6441822187499999 0.844021375 0.6342644109375 0.8477370171875 0.6330246703125 0.848975521875 0.6218671515625 0.848975521875 0.60699040625 0.8415443609375 0.5945931156250001 0.8303976828125 0.5821958890625 0.818012375 0.573517790625 0.8037456828125 0.572817365625 0.762278990625 0.5685588218750001 0.7350313609375 0.5772369515625 0.7189305359375 0.587154728125 0.7127380046875 0.610709603125 0.7139765140625001 0.6280657328125 0.728838959375 0.6342644109375 0.7461780359375 0.636743896875 0.762278990625 0.6392233171874999 0.782095334375 0.647901415625 0.7920035046875 0.6528603171875 0.8019115484375 0.6540999953125 0.803150053125 0.6540999953125 0.81058134375 0.6528603171875 0.8217280171875 0.647901415625
1 0.1292657359375 0.608899459375 0.10745080781250001 0.610355115625 0.08418126406250001 0.619089665625 0.0710922453125 0.6467489640624999 0.08418126406250001 0.6700410671875 0.108904978125 0.69042159375 0.148172178125 0.69042159375 0.1699872546875 0.6816870796875001 0.20198271406249999 0.6482047718749999 0.180167634375 0.6220012046875001 0.1510808171875 0.6118109234375 0.1292657359375 0.608899459375
1 0.43758561093750004 0.8068818437499999 0.4623093265625 0.8258066734374999 0.504485165625 0.8374526875000001 0.559750165625 0.8403642281250001 0.5830195625 0.8039703796875 0.5830195625 0.7661207953125 0.5422980453124999 0.74719596875 0.51175690625 0.74719596875 0.5132112234374999 0.748651771875 0.4434028890625 0.7515632765625 0.42449659375 0.7850455484375 0.43758561093750004 0.8068818437499999
1 0.705184115625 0.7442845 0.726999196875 0.7515632765625 0.7662663921874999 0.7501074328125 0.7909899593749999 0.739917228125 0.804079125 0.7282711390625 0.7909899593749999 0.700611875 0.7662663921874999 0.6831428171875 0.7240904109375 0.6744083437499999 0.6848233578125 0.6816870796875001 0.6586450265625 0.6977003703125 0.6717341921875 0.729726946875 0.705184115625 0.7442845
1 0.806987615625 0.8170721609375 0.795352915625 0.8447315 0.799716021875 0.8651119859374999 0.8171679953125001 0.8854925484375 0.8258942046875 0.8898597859375 0.8680698921875001 0.8884040890625 0.8767959515625 0.8869483218750001 0.897156709375 0.8520102406250001 0.8941385984375 0.8428364640625 0.8666157234374999 0.8127049234375001 0.8360744328124999 0.799603103125 0.806987615625 0.8170721609375
1 0.9364239109374999 0.9175191249999999 0.9306066390625001 0.9204306656250001 0.8927936078125001 0.8913155937499999 0.875341634375 0.8840368171874999 0.8520722359375 0.8840368171874999 0.8375287546875001 0.882581084375 0.82007678125 0.8898597859375 0.804079125 0.9044173796875 0.795352915625 0.9218864015625 0.8084422328124999 0.9364439156250001 0.8331656468749999 0.9495457015625 0.85352640625 0.9641032546874999 0.875341634375 0.9655589906250001 0.9015198171875 0.9611917546875001 0.9262436781250001 0.945178428125 0.9364239109374999 0.9175191249999999
1 0 0.8913155937499999 0.01000996875 0.894227021875 0.0274617953125 0.894227021875 0.0449142140625 0.8869483218750001 0.05800323281250001 0.872390728125 0.062366035937499995 0.86074475 0.062366035937499995 0.8476430046875001 0.0565487640625 0.8345412187499999 0.0434597453125 0.8185278968749999 0.017281714062500002 0.8112490796875 0 0.8039703796875 0 0.8913155937499999