1 0.26451196875 0.5474142984375 0.32245488906249997 0.560193446875 0.381379790625 0.560193446875 0.4501255984375 0.5415162140625001 0.483516321875 0.5405332281249999 0.49628349062500005 0.5031787984375 0.4864625796875 0.46975648281250004 0.44816140156250006 0.45206227656250003 0.38291170937499996 0.43805940625 0.3312935796875 0.45599430312499994 0.289064084375 0.4717224546875 0.271386540625 0.49039968749999996 0.252727021875 0.513991978125 0.26451196875 0.5474142984375
1 0.9211384515625 0.0453416734375 0.9309592765625 0.027647490625 0.9333258343749999 0.0017069999999999998 0.8337331203125 0 0.8396255531250001 0.0168343921875 0.8543568390624999 0.041409646875 0.8956042765625 0.0453416734375 0.9211384515625 0.0453416734375
1 0.976135071875 0.1878782359375 0.9957767328125 0.1672350265625 0.9731148078125 0.1475999015625 0.9447084234375 0.15052380781250002 0.9211384515625 0.160353915625 0.9122997187499999 0.175099084375 0.9201563484375 0.1868952046875 0.9427442671874999 0.1923017953125 0.976135071875 0.1878782359375
1 0.7581127359375001 0.1485577953125 0.7767722546875 0.14560875 0.7954318578125 0.13971070937500002 0.814091459375 0.13282964218749999 0.8013243703124999 0.11513543281250001 0.7748080578125001 0.1121863921875 0.7590947953125 0.1121863921875 0.7492739640625 0.12005053125000001 0.7463277046875 0.146591821875 0.7581127359375001 0.1485577953125
1 0.3328709515625 0.1534728484375 0.3505484109375 0.1446257640625 0.35251261093749997 0.13184665625 0.34662009843749997 0.109237353125 0.32206798281250004 0.10825440625 0.3073367765625 0.11808447343749999 0.290641375 0.13479569687499998 0.3043905171875 0.146591821875 0.3210859234375 0.149540821875 0.3328709515625 0.1534728484375
1 0.42616879531249996 0.27733221406249997 0.45563128593749996 0.2753661609375 0.46643417343750004 0.2655360484375 0.4772370625 0.23801177187500003 0.4821475171875 0.215402509375 0.4683983703125 0.20950446875 0.4227006828125 0.1993255671875 0.392777990625 0.206555428125 0.3878675359375 0.2232666078125 0.37608258437500003 0.2458758703125 0.3898317328125 0.2783152015625 0.42616879531249996 0.27733221406249997
1 0.5688964859375 0.2626813609375 0.5689383343750001 0.29942103593749997 0.583830915625 0.33017578125 0.634709821875 0.33463309375 0.6501674109375 0.33127092812500003 0.6810477140625 0.2974121078125 0.653215678125 0.2501325359375 0.6117327015625 0.24666573593750002 0.5688964859375 0.2626813609375
1 0.185309709375 0.41832450000000004 0.2446428578125 0.4178571421875 0.25947265625 0.394566125 0.24987444218750002 0.3703404015625 0.19280133906250002 0.370856584375 0.1776297453125 0.3975446421875 0.185309709375 0.41832450000000004
1 0.03294503125 0.779450334375 0.0987792953125 0.7994907953125 0.11785714218750001 0.7482142859375001 0.0330217640625 0.7565290171875 0.03294503125 0.779450334375
1 0.3114746078125 0.9430803578125 0.2980957046875 0.9789829781250001 0.3341657359375 1 0.3859026203125 0.992487446875 0.3963588171875 0.9314313609375 0.3114746078125 0.9430803578125
1 0.6678571421874999 0.5196428578125001 0.6767438609374999 0.4543666296875 0.6359235484375 0.4337123296875 0.565506415625 0.46796177187500004 0.57705078125 0.5191266734375 0.6678571421874999 0.5196428578125001
1 0.9625 0.6107142859375 0.9335449203125 0.6110212046875 0.9132533484375 0.6366699203125 0.9400599859375 0.6600934734374999 0.9696358796875 0.6577915765625 0.9696358796875 0.6332659015625001 0.9625 0.6107142859375
1 0.2023137015625 0.7408013171875 0.322981865625 0.7325184421875 0.401417428125 0.6653994515625 0.40705683437499995 0.6155007859375 0.352928615625 0.6049269015625 0.2865145484375 0.5961153296874999 0.20173465625000003 0.6170365171875 0.1578152671875 0.666834478125 0.2023137015625 0.7408013171875