1 0.25446428593750003 0.7723214281249999 0.3258928578125 0.8080357140625001 0.375 0.7946428578125 0.35267857187499996 0.7589285718750001 0.2633928578125 0.7276785718750001 0.25446428593750003 0.7723214281249999
1 0.0982142859375 0.8035714281249999 0.102678571875 0.84375 0.1383928578125 0.8705357140625001 0.21875 0.8660714281249999 0.178571428125 0.8169642859374999 0.12053571406250001 0.7946428578125 0.0982142859375 0.8035714281249999
1 0.0669642859375 0.7321428578125 0.12053571406250001 0.7589285718750001 0.1696428578125 0.75 0.125 0.6919642859375 0.071428571875 0.6964285718750001 0.0669642859375 0.7321428578125
1 0.0625 0.6294642859375 0.0178571421875 0.5714285718750001 0 0.5803571421875 0.008928571875000001 0.6294642859375 0.0625 0.6294642859375
1 0.15178571406250002 0.3883928578125 0.15178571406250002 0.41071428593750003 0.2053571421875 0.446428571875 0.25 0.43303571406249997 0.2455357140625 0.40178571406249997 0.21875 0.3883928578125 0.15178571406250002 0.3883928578125
1 0.6807264375 0.8187138484375 0.7854460000000001 0.955097240625 0.8524102859375 0.9997400984375 0.9238388578125001 0.9997400984375 0.8747317140625 0.9193829546875 0.7327488484375 0.8231741109374999 0.6807264375 0.8187138484375
1 0.5758928578125 0.6160714281249999 0.5982142859375 0.6383928578125 0.6741071421875 0.6428571421875 0.6785714281249999 0.6116071421875 0.6428571421875 0.5758928578125 0.59375 0.5848214281249999 0.5758928578125 0.6160714281249999
1 0.7321428578125 0.3303571421875 0.6473214281249999 0.33482142812500004 0.78125 0.36607142812500004 0.7321428578125 0.3303571421875
1 0.2053571421875 0 0.20982142812500001 0.0267857140625 0.33928571406249997 0.15178571406250002 0.37946428593750003 0.12946428593749998 0.38392857187499996 0.0758928578125 0.33928571406249997 0 0.2053571421875 0
1 0.30803571406249997 0.20982142812500001 0.3125 0.1875 0.25 0.1696428578125 0.25 0.2053571421875 0.30803571406249997 0.20982142812500001
1 0.12053571406250001 0.5758928578125 0.0803571421875 0.53125 0.0625 0.5401785718750001 0.0669642859375 0.5669642859375 0.12053571406250001 0.5758928578125
1 0.477678571875 0.41071428593750003 0.48214285781250005 0.446428571875 0.5133928578125 0.4375 0.477678571875 0.41071428593750003
1 0.5491071421875 0.5089285718750001 0.5669642859375 0.49553571406249997 0.5223214281249999 0.459821428125 0.5133928578125 0.48214285781250005 0.5491071421875 0.5089285718750001
1 0.3899187359375 0.1347830625 0.3928571421875 0.1696428578125 0.46428571406249997 0.2232142859375 0.55222865625 0.25487409375 0.7234061109375001 0.2771083296875 0.4443969734375 0.15281459375 0.3899187359375 0.1347830625
1 0.6919642859375 0.44196428593750003 0.6116071421875 0.41964285781250005 0.6071428578125 0.4375 0.625 0.45535714218749995 0.6919642859375 0.44196428593750003
1 0.2541959640625 0.8627681468749999 0.24712273593749998 0.8574582359375 0.2294397359375 0.8546262765625 0.2149396828125 0.8542722953125 0.2078664828125 0.8560422640625 0.1979640140625 0.8659540890624999 0.20008598281249998 0.8794058703125 0.20291525 0.8857777546875001 0.20928111562499999 0.89179565625 0.2241348484375 0.9009994953125 0.2524276203125 0.9084333796875 0.2817814328125 0.9130353078125 0.286025334375 0.9056014375 0.282842415625 0.8967515671875 0.2732935984375 0.8864857546874999 0.2630374203125 0.875511915625 0.2541959640625 0.8627681468749999