1 0.516483678125 0.5405332281249999 0.5498744015625 0.5415162140625001 0.6186202093750001 0.560193446875 0.6775451109375 0.560193446875 0.73548803125 0.5474142984375 0.747272978125 0.513991978125 0.728613459375 0.49039968749999996 0.710935915625 0.4717224546875 0.6687064203124999 0.45599430312499994 0.617088290625 0.43805940625 0.5518385984374999 0.45206227656250003 0.5135374203125 0.46975648281250004 0.503716509375 0.5031787984375 0.516483678125 0.5405332281249999
1 0.14564316093750002 0.041409646875 0.160374446875 0.0168343921875 0.1662668796875 0 0.066674165625 0.0017069999999999998 0.06904072343749999 0.027647490625 0.0788615484375 0.0453416734375 0.1043957234375 0.0453416734375 0.14564316093750002 0.041409646875
1 0.0572557328125 0.1923017953125 0.07984365156249999 0.1868952046875 0.08770028125 0.175099084375 0.0788615484375 0.160353915625 0.0552915765625 0.15052380781250002 0.0268851921875 0.1475999015625 0.0042232671875 0.1672350265625 0.023864928125 0.1878782359375 0.0572557328125 0.1923017953125
1 0.2418872640625 0.1485577953125 0.2536722953125 0.146591821875 0.2507260359375 0.12005053125000001 0.24090520468749999 0.1121863921875 0.2251919421875 0.1121863921875 0.19867562968750002 0.11513543281250001 0.185908540625 0.13282964218749999 0.2045681421875 0.13971070937500002 0.2232277453125 0.14560875 0.2418872640625 0.1485577953125
1 0.6671290484375 0.1534728484375 0.6789140765624999 0.149540821875 0.6956094828125 0.146591821875 0.709358625 0.13479569687499998 0.6926632234375 0.11808447343749999 0.6779320171875 0.10825440625 0.6533799015625 0.109237353125 0.6474873890625 0.13184665625 0.6494515890625 0.1446257640625 0.6671290484375 0.1534728484375
1 0.5335658265625 0.2655360484375 0.5443687140625 0.2753661609375 0.5738312046875 0.27733221406249997 0.6101682671875001 0.2783152015625 0.623917415625 0.2458758703125 0.6121324640625 0.2232666078125 0.607222009375 0.206555428125 0.5772993171875 0.1993255671875 0.5316016296875 0.20950446875 0.5178524828125 0.215402509375 0.5227629375 0.23801177187500003 0.5335658265625 0.2655360484375
1 0.3882672984375 0.24666573593750002 0.346784321875 0.2501325359375 0.31895228593749997 0.2974121078125 0.3498325890625 0.33127092812500003 0.36529017812500003 0.33463309375 0.416169084375 0.33017578125 0.431061665625 0.29942103593749997 0.4311035140625 0.2626813609375 0.3882672984375 0.24666573593750002
1 0.7501255578125 0.3703404015625 0.74052734375 0.394566125 0.7553571421874999 0.4178571421875 0.814690290625 0.41832450000000004 0.8223702546875 0.3975446421875 0.8071986609374999 0.370856584375 0.7501255578125 0.3703404015625
1 0.9669782359375001 0.7565290171875 0.8821428578124999 0.7482142859375001 0.9012207046875 0.7994907953125 0.96705496875 0.779450334375 0.9669782359375001 0.7565290171875
1 0.7019042953125 0.9789829781250001 0.6885253921875 0.9430803578125 0.6036411828125 0.9314313609375 0.6140973796875 0.992487446875 0.6658342640625 1 0.7019042953125 0.9789829781250001
1 0.3232561390625 0.4543666296875 0.33214285781249997 0.5196428578125001 0.42294921875 0.5191266734375 0.434493584375 0.46796177187500004 0.3640764515625 0.4337123296875 0.3232561390625 0.4543666296875
1 0.059940014062500005 0.6600934734374999 0.0867466515625 0.6366699203125 0.0664550796875 0.6110212046875 0.0375 0.6107142859375 0.0303641203125 0.6332659015625001 0.0303641203125 0.6577915765625 0.059940014062500005 0.6600934734374999
1 0.8421847328125001 0.666834478125 0.79826534375 0.6170365171875 0.7134854515625 0.5961153296874999 0.647071384375 0.6049269015625 0.592943165625 0.6155007859375 0.598582571875 0.6653994515625 0.677018134375 0.7325184421875 0.7976862984374999 0.7408013171875 0.8421847328125001 0.666834478125