1 0.4004329015625 0.6872294375 0.429518396875 0.7041396109375 0.4538690484375 0.7129329015625 0.4714556296875 0.7163149328125 0.4964826828125 0.7122564953125 0.520833334375 0.7075216421875 0.5451839828125 0.696022728125 0.5418019468749999 0.6709956703125 0.5255681828125 0.65746753125 0.508658009375 0.6540855 0.491747834375 0.647997834375 0.48092532656250003 0.645292209375 0.4518398265625 0.645292209375 0.40584415625 0.6425865796875 0.3882575765625 0.6561147187499999 0.3875811703125 0.677083334375 0.4004329015625 0.6872294375
1 0.478219696875 0.5810335484375 0.4498106078125 0.5918560625 0.43560606249999995 0.604707790625 0.4247835484375 0.6189123390625 0.4315476203125 0.6277056296875 0.4498106078125 0.632440478125 0.45860389687499997 0.6385281390624999 0.47957250937499996 0.6439393921875001 0.49512987031250005 0.6439393921875001 0.5066287859374999 0.6473214281249999 0.522862553125 0.649350646875 0.5458603890625 0.649350646875 0.5654761921875 0.645968615625 0.5783279234375 0.6310876609375 0.5783279234375 0.6209415578125 0.573593071875 0.600649353125 0.5681818171875 0.600649353125 0.539096321875 0.5938852812500001 0.5140692640625 0.585768396875 0.49715908906250006 0.5803571421875 0.478219696875 0.5810335484375
1 0.3936688296875 0.5675054109375 0.41734307187499997 0.571563853125 0.43087121406250006 0.5756222953125001 0.45657467343749997 0.5796807359375 0.47416125468750003 0.5776515140625 0.48836579843749994 0.570887446875 0.5045995671875 0.5647997859375 0.5174512984375 0.5620941562499999 0.520833334375 0.5519480531250001 0.5194805171875 0.5377435046875 0.5018939375 0.523538959375 0.4836309515625 0.5167748921875 0.4660443703125 0.5113636390625 0.445075759375 0.5052759734375 0.41666666562500004 0.5052759734375 0.40381493281249997 0.5052759734375 0.3909632046875 0.5066287859374999 0.37405303125 0.5167748921875 0.3693181828125 0.53233225 0.38690476406249996 0.5512716421875 0.3936688296875 0.5675054109375
1 0.40854978593749997 0.572240259375 0.3902867953125 0.5762987015625 0.3936688296875 0.5918560625 0.42207792343749995 0.593208875 0.428165584375 0.5790043296875 0.40854978593749997 0.572240259375
1 0.601503759375 0.49753289218749996 0.6167763171875 0.5045817671874999 0.6314614640625 0.5145676703125 0.6320488703125 0.526315790625 0.6467340218750001 0.5280780093749999 0.6714050765625 0.5310150359375 0.686090228125 0.5251409781249999 0.69901315625 0.5128054515625 0.7066494375000001 0.5051691734375 0.7189849640625 0.49694548593750004 0.722509396875 0.4846099640625 0.720747178125 0.471099625 0.7066494375000001 0.4546522546875 0.6907894734375 0.4523026296875 0.678453946875 0.448190790625 0.6655310140624999 0.445841165625 0.652608084375 0.442904134375 0.6332236828125 0.4393797015625 0.6214755624999999 0.449953009375 0.5838815796875 0.4523026296875 0.5821193609375 0.466400375 0.5938674828125 0.47991071406249997 0.601503759375 0.49753289218749996
1 0.6731672953125 0.5750704859375 0.7142857140625 0.574483084375 0.7119360890624999 0.55157425 0.7066494375000001 0.5333646609375 0.6925516921875 0.529840228125 0.6355733078125 0.5321898484375 0.6531954859375 0.5592105265625 0.6661184203125 0.5621475578124999 0.6731672953125 0.5750704859375
1 0.49753289218749996 0.449953009375 0.5028195484375 0.46757518749999993 0.5486372187499999 0.46875 0.5550986828125 0.451715228125 0.49753289218749996 0.449953009375
1 0.5327772546875 0.43056860781250006 0.572133459375 0.43056860781250006 0.574483084375 0.42351973593750003 0.572133459375 0.3964990578125 0.54393796875 0.3847509421875 0.5163298890625 0.39238721875000004 0.5004699234375 0.4006109015625 0.5034069546875 0.416470865625 0.5175047015625001 0.4217575171875 0.5327772546875 0.43056860781250006
1 0.70841165625 0.4064849640625 0.70018796875 0.390625 0.642034771875 0.3941494375 0.6402725578124999 0.409421990625 0.648496240625 0.417645678125 0.7019501874999999 0.4199952984375 0.70841165625 0.4064849640625
1 0.6665100265625 0.7573621562499999 0.6665100265625 0.734649125 0.64771303125 0.72760025 0.59758771875 0.7268170453125 0.5881892234375 0.7416979953125 0.598370928125 0.7573621562499999 0.6665100265625 0.7573621562499999
1 0.7369987453125 0.656328321875 0.7620614015625 0.6798245625 0.7996553890625 0.6931390984375 0.8286340843750001 0.6907894734375 0.85996240625 0.6751253125 0.8803258125 0.6680764421875 0.8662280718750001 0.6414473703125 0.8482142859374999 0.6343984953125 0.8302004999999999 0.6195175453124999 0.7714599015625 0.6171679203125 0.7354323296875 0.6406641609375 0.7369987453125 0.656328321875
1 0.8928571421875 0.685990946875 0.894743459375 0.7017102640624999 0.9286971828125001 0.7017102640624999 0.9305835 0.68661971875 0.8928571421875 0.685990946875
1 0.8086016109375 0.789738428125 0.8086016109375 0.770246478125 0.7928822953125 0.7614436609374999 0.7381790765625 0.7608148890625 0.7369215312499999 0.7796780671875 0.7438380265625 0.79162475 0.8086016109375 0.789738428125
1 0.5847585484375 0.911720321875 0.6168259546875 0.904803821875 0.6168259546875 0.8922283703125 0.59984909375 0.8840543265624999 0.5250251515625 0.8840543265624999 0.5325704234375 0.9022887328125 0.558350103125 0.911720321875 0.5847585484375 0.911720321875
1 0.830633803125 0.8758802812500001 0.812399396875 0.857645875 0.749522134375 0.8595321921875 0.750779678125 0.8765090531249999 0.760840040625 0.8853118703125 0.8186871203124999 0.8846830984375 0.830633803125 0.8758802812500001
1 0.847445196875 0.8884557359375 0.861278196875 0.8934859156250001 0.8788838296874999 0.8960010046875 0.8939743703125 0.8953722328125 0.9034059640625 0.8953722328125 0.9166101875000001 0.8922283703125 0.9254130046875 0.8865694156249999 0.9392460046875 0.8777665984375 0.9518214546875001 0.8664486921875 0.963768134375 0.8589034203124999 0.9731997234374999 0.846956740625 0.970684634375 0.8262072453125 0.963768134375 0.8136317906249999 0.9511926828125 0.8067152906249999 0.9329582765625 0.8035714281249999 0.9115800046875 0.8060865171874999 0.8971182359375 0.8136317906249999 0.8889441921874999 0.8192907453125 0.8675659203125001 0.8211770625 0.8468164234375 0.8280935625 0.830468334375 0.846956740625 0.8285820171875 0.8633048296875 0.8386423796875 0.8783953703125 0.847445196875 0.8884557359375
1 0.2012072453125 0.3584004015625 0.17794265625 0.3753772640625 0.19303320156249998 0.392354125 0.2087525140625 0.40304325937499996 0.22698692031249998 0.4080734421875 0.24333500937500002 0.41184607656249994 0.2521378265625 0.4149899375 0.2634557359375 0.41876257656250004 0.2791750484375 0.41750503125 0.287977865625 0.41058853125 0.301810865625 0.40367203125 0.3175301828125 0.40492957656249995 0.33450704062500003 0.40430080312500005 0.349597584375 0.40430080312500005 0.363430584375 0.4193913484375 0.3772635796875 0.42379275468750005 0.391725353125 0.428194165625 0.41373239218749996 0.4313380265625 0.4319667984375 0.4300804828125 0.44328470937500003 0.42442153125 0.44328470937500003 0.40995975937500007 0.4357394375 0.392982896875 0.42379275468750005 0.3873239421875 0.41750503125 0.37789235312499997 0.41310362031250003 0.367831990625 0.40178571406249997 0.356514084375 0.3866951703125 0.3514839015625 0.3684607640625 0.349597584375 0.3458249515625 0.3508551296875 0.3275905453125 0.3539989953125 0.3143863171875 0.356514084375 0.30118209375 0.356514084375 0.2747736421875 0.3508551296875 0.24019114687499998 0.3502263578125 0.2200704234375 0.3514839015625 0.2012072453125 0.3584004015625
1 0.45008782187499996 0.273067915625 0.45301522343749995 0.281850115625 0.459601875 0.28624121874999997 0.4683840765625 0.28990046875000003 0.4808255265625 0.2994145171875 0.491071428125 0.2994145171875 0.49985362968749997 0.30087821875 0.5159543296875 0.303073771875 0.5283957859374999 0.303073771875 0.532786884375 0.29721896875 0.5371779859375 0.2884367671875 0.5371779859375 0.27965456718750004 0.532786884375 0.2737997671875 0.529127634375 0.2664812640625 0.518149884375 0.2598946109375 0.51375878125 0.2533079640625 0.5079039828125 0.2533079640625 0.48741217812500004 0.2525761109375 0.480093678125 0.2525761109375 0.47204332656250003 0.2525761109375 0.46692037500000005 0.2525761109375 0.462529271875 0.2489168609375 0.45594262499999993 0.242330209375 0.4486241203125 0.23647541093750002 0.4449648703125 0.23647541093750002 0.43764637031250003 0.23647541093750002 0.43105971875 0.245989459375 0.43105971875 0.2525761109375 0.4317915671875 0.2606264640625 0.44203746875 0.270872365625 0.45008782187499996 0.273067915625
1 0.2583430890625 0.28624121874999997 0.24809718749999998 0.28624121874999997 0.241510540625 0.28624121874999997 0.23346018750000003 0.28624121874999997 0.2232142859375 0.2906323171875 0.2224824375 0.29355971875 0.2224824375 0.30453746875 0.23199648593750002 0.312587821875 0.2473653390625 0.3155152234375 0.2583430890625 0.3155152234375 0.2671252953125 0.32356557656249996 0.277371196875 0.3286885265625 0.2905444953125 0.3316159234375 0.3059133484375 0.3286885265625 0.3125 0.3272248265625 0.325673303125 0.3242974234375 0.33079625468749996 0.32356557656249996 0.35201990625 0.322101875 0.3534836078125 0.31112412031250003 0.3527517546875 0.30453746875 0.3512880578125 0.2994145171875 0.343969553125 0.29721896875 0.329332553125 0.2920960171875 0.3139637015625 0.2920960171875 0.308108896875 0.2877049203125 0.299326696875 0.2847775171875 0.289812646875 0.27892271874999996 0.2751756421875 0.2774590171875 0.2671252953125 0.2847775171875 0.2583430890625 0.28624121874999997
1 0.4660443703125 0.145427490625 0.4660443703125 0.14339826718749998 0.46469155781250004 0.1393398265625 0.45860389687499997 0.131899353125 0.4511634203125 0.12513528125 0.444399353125 0.12040043281249999 0.42884199062499995 0.1089015140625 0.40516775000000005 0.10822510781250001 0.3950216421875 0.10416666562500002 0.3808170984375 0.1136363609375 0.3713474015625 0.1190476203125 0.3699945890625 0.12716449999999999 0.3693181828125 0.1386634203125 0.37540584374999997 0.1515151515625 0.3875811703125 0.1609848484375 0.39705086562499997 0.16910173281250002 0.415990259375 0.1718073578125 0.430194803125 0.1718073578125 0.43898809375000003 0.1718073578125 0.448457790625 0.1738365796875 0.44913420156250006 0.18601190625 0.45657467343749997 0.2008928578125 0.4640151515625 0.209009740625 0.47010281249999997 0.2157738078125 0.4836309515625 0.22050865625 0.491071428125 0.22050865625 0.5140692640625 0.22118506718750003 0.53030303125 0.2218614734375 0.5445075765625 0.22050865625 0.553977271875 0.2150974015625 0.569534634375 0.20630411093749998 0.570887446875 0.2029220765625 0.572240259375 0.1934523796875 0.572240259375 0.18736471875 0.5627705625 0.179247834375 0.554653678125 0.1711309515625 0.5445075765625 0.1623376609375 0.529626625 0.1596320359375 0.5147456703125 0.1521915578125 0.5032467546875 0.15625 0.489718615625 0.1576028125 0.48092532656250003 0.1576028125 0.4714556296875 0.15692640625 0.4660443703125 0.1528679640625 0.4660443703125 0.145427490625
1 0.302353896875 0.10619588906249999 0.3084415578125 0.1129599546875 0.3260281390625 0.1183712140625 0.3321157984375 0.1197240265625 0.34361471875 0.1197240265625 0.35105519687500003 0.1197240265625 0.3591720765625 0.12040043281249999 0.367288959375 0.11634199062499999 0.37946428593750003 0.1089015140625 0.3862283578125 0.10416666562500002 0.3882575765625 0.09604978593749999 0.384875540625 0.086580084375 0.3787878796875 0.0777867953125 0.365936146875 0.071022728125 0.353760821875 0.069669915625 0.3415855 0.0656114734375 0.3253517328125 0.0656114734375 0.3125 0.069669915625 0.304383115625 0.0764339828125 0.2989718609375 0.0879329015625 0.302353896875 0.10146104062500001 0.302353896875 0.10619588906249999
1 0.193303571875 0.1700892859375 0.183928571875 0.1700892859375 0.177678571875 0.1732142859375 0.1696428578125 0.17678571406250002 0.1638392859375 0.180803571875 0.1638392859375 0.193303571875 0.1794642859375 0.203125 0.2013392859375 0.20401785781249998 0.21607142812500002 0.20401785781249998 0.2299107140625 0.202678571875 0.2325892859375 0.190625 0.23348214218750002 0.1821428578125 0.2258928578125 0.1741071421875 0.21741071406249998 0.1705357140625 0.209375 0.1705357140625 0.197321428125 0.1705357140625 0.193303571875 0.1700892859375
1 0.24419642812500003 0.145116071875 0.25 0.13350892812499998 0.25401785781249997 0.1227946421875 0.25446428593750003 0.1134196421875 0.246875 0.1035982140625 0.22767857187499999 0.1018125 0.2102678578125 0.095116071875 0.20446428593750002 0.09065178593749999 0.1803571421875 0.08841964218750001 0.1602678578125 0.08931249999999999 0.1383928578125 0.0902053578125 0.124553571875 0.0910982140625 0.1133928578125 0.092883928125 0.09375 0.10583035781250001 0.07723214218749999 0.120116071875 0.068303571875 0.1254732140625 0.0682946421875 0.1330625 0.0723125 0.1406517859375 0.0642767859375 0.1446696421875 0.059366071875 0.1518125 0.060258928125 0.1643125 0.0642767859375 0.1719017859375 0.07677678593750001 0.17681249999999998 0.0964196421875 0.1790446421875 0.11383035781249999 0.17324107187499999 0.11829464218750001 0.166991071875 0.12186607187500001 0.1629732140625 0.1361517859375 0.1634196421875 0.14909821406249998 0.1643125 0.1553482140625 0.1634196421875 0.1633928578125 0.16118749999999998 0.190625 0.15761607187499999 0.21205357187499999 0.1562767859375 0.22633928593750002 0.1477946421875 0.24419642812500003 0.145116071875
1 0.061598214062500004 0.2250267859375 0.0919553578125 0.2250267859375 0.11070535781249999 0.22324107187500003 0.10847321406249999 0.2049375 0.079008928125 0.2031517859375 0.0553482140625 0.2067232140625 0.0553482140625 0.21788392812500001 0.061598214062500004 0.2250267859375
1 0 0.2905625 0.0285625 0.291008928125 0.028116071875 0.2735982140625 0.020973214062500002 0.26690178593749997 0 0.26690178593749997 0 0.2905625
1 0.5237676078125 0 0.5187374234375 0.0050176078125 0.5137072453125 0.01507796875 0.5143360171875 0.0182218296875 0.5143360171875 0.0207369203125 0.5168511078125 0.0213656921875 0.5218812859375 0.025767103125000003 0.5225100625 0.0345699203125 0.5225100625 0.04463028125 0.534456740625 0.05846328125 0.551433603125 0.07418259375 0.5671529203125 0.080470321875 0.5841297765625 0.08801559375 0.6161971828125 0.0867580484375 0.6237424546875 0.074811365625 0.5797283703125 0.021994468750000003 0.564009053125 0.0182218296875 0.5690392359375 0.010047785937500001 0.5715543265624999 0 0.5237676078125 0
1 0.6161971828125 0.13580231250000002 0.65015090625 0.13140090625 0.621227365625 0.09493209375 0.5715543265624999 0.09493209375 0.5608651921875001 0.11442404531249999 0.5772132812499999 0.1326584515625 0.6161971828125 0.13580231250000002
1 0.1576028125 0 0.15692640625 0.026379870312499998 0.180600646875 0.0344967546875 0.209009740625 0.0270562765625 0.21036255312500002 0 0.1576028125 0
1 0.056063125000000005 0.11316445156249999 0.0622923578125 0.0986295671875 0.0674833890625 0.088247509375 0.0674833890625 0.073712625 0.0498338890625 0.073712625 0.0446428578125 0.073712625 0.041528240625000004 0.083056478125 0.0290697671875 0.08617109843750001 0.0155730890625 0.08617109843750001 0.012458473437500001 0.099667771875 0.0238787359375 0.11316445156249999 0.056063125000000005 0.11316445156249999
1 0.140845071875 0.5256539234375001 0.140845071875 0.5042756515625 0.10374748593750001 0.5074195171875 0.10500503125 0.5287977859375 0.12764084375 0.538858146875 0.140845071875 0.5256539234375001
1 0.0767102640625 0.7350729375 0.06853621875 0.7281564375 0.050930584375 0.728785209375 0.0459004015625 0.734444165625 0.0465291734375 0.752678571875 0.0741951703125 0.75330734375 0.0767102640625 0.7350729375
1 0.9342334515624999 0.9821428578125 0.9233449468750001 0.9712543578125 0.907012196875 0.9668989546875 0.88959059375 0.962543553125 0.8612804859375001 0.963087978125 0.843314459375 0.9647212546875 0.8133710796875 0.9690766562500001 0.787783103125 0.9815984328124999 0.787783103125 0.9990200359375001 0.9396777015625 1 0.9396777015625 0.9935757859375001 0.9342334515624999 0.9821428578125