1 0.3258928578125 0.19196428593749998 0.25446428593750003 0.22767857187499999 0.2633928578125 0.27232142812500004 0.35267857187499996 0.24107142812500001 0.375 0.2053571421875 0.3258928578125 0.19196428593749998
1 0.21875 0.133928571875 0.1383928578125 0.12946428593749998 0.102678571875 0.15625 0.0982142859375 0.196428571875 0.12053571406250001 0.2053571421875 0.178571428125 0.18303571406250002 0.21875 0.133928571875
1 0.12053571406250001 0.24107142812500001 0.0669642859375 0.2678571421875 0.071428571875 0.30357142812500004 0.125 0.30803571406249997 0.1696428578125 0.25 0.12053571406250001 0.24107142812500001
1 0.008928571875000001 0.37053571406249997 0 0.41964285781250005 0.0178571421875 0.428571428125 0.0625 0.37053571406249997 0.008928571875000001 0.37053571406249997
1 0.25 0.5669642859375 0.2053571421875 0.5535714281249999 0.15178571406250002 0.5892857140625 0.15178571406250002 0.6116071421875 0.21875 0.6116071421875 0.2455357140625 0.5982142859375 0.25 0.5669642859375
1 0.9238388578125001 0.0002599015625 0.8524102859375 0.0002599015625 0.7854460000000001 0.044902759375000004 0.6807264375 0.1812861515625 0.7327488484375 0.17682588906250002 0.8747317140625 0.0806170453125 0.9238388578125001 0.0002599015625
1 0.6785714281249999 0.3883928578125 0.6741071421875 0.3571428578125 0.5982142859375 0.3616071421875 0.5758928578125 0.38392857187499996 0.59375 0.415178571875 0.6428571421875 0.42410714218749995 0.6785714281249999 0.3883928578125
1 0.7321428578125 0.6696428578125 0.78125 0.6339285718750001 0.6473214281249999 0.6651785718750001 0.7321428578125 0.6696428578125
1 0.33928571406249997 1 0.38392857187499996 0.9241071421875 0.37946428593750003 0.8705357140625001 0.33928571406249997 0.8482142859374999 0.20982142812500001 0.9732142859374999 0.2053571421875 1 0.33928571406249997 1
1 0.25 0.7946428578125 0.25 0.8303571421875 0.3125 0.8125 0.30803571406249997 0.7901785718750001 0.25 0.7946428578125
1 0.0669642859375 0.43303571406249997 0.0625 0.459821428125 0.0803571421875 0.46875 0.12053571406250001 0.42410714218749995 0.0669642859375 0.43303571406249997
1 0.477678571875 0.5892857140625 0.5133928578125 0.5625 0.48214285781250005 0.5535714281249999 0.477678571875 0.5892857140625
1 0.5133928578125 0.5178571421875 0.5223214281249999 0.5401785718750001 0.5669642859375 0.5044642859375 0.5491071421875 0.491071428125 0.5133928578125 0.5178571421875
1 0.55222865625 0.74512590625 0.46428571406249997 0.7767857140625 0.3928571421875 0.8303571421875 0.3899187359375 0.8652169375 0.4443969734375 0.84718540625 0.7234061109375001 0.7228916703125 0.55222865625 0.74512590625
1 0.625 0.5446428578125 0.6071428578125 0.5625 0.6116071421875 0.5803571421875 0.6919642859375 0.5580357140625 0.625 0.5446428578125
1 0.20291525 0.1142222453125 0.20008598281249998 0.12059412968750001 0.1979640140625 0.1340459109375 0.2078664828125 0.1439577359375 0.2149396828125 0.14572770468750001 0.2294397359375 0.1453737234375 0.24712273593749998 0.14254176406250002 0.2541959640625 0.137231853125 0.2630374203125 0.124488084375 0.2732935984375 0.11351424531250001 0.282842415625 0.1032484328125 0.286025334375 0.0943985625 0.2817814328125 0.0869646921875 0.2524276203125 0.0915666203125 0.2241348484375 0.0990005046875 0.20928111562499999 0.10820434375000001 0.20291525 0.1142222453125