1 0.7789645796875 0.8206992859375 0.742200271875 0.7876427046875001 0.7146270453125 0.8023344828125 0.69440671875 0.8537560140625 0.698083134375 0.9290516468750001 0.7274945359375 0.9400705578125 0.7734499203125 0.9382339734375 0.7918320765625 0.8776301156249999 0.7789645796875 0.8206992859375
1 0.760582428125 0.5452274421875 0.7238181203125 0.5433910046875 0.6962448890624999 0.5691015453125 0.6778627359375 0.59848540625 0.6778627359375 0.638887875 0.6870538125000001 0.6719444515624999 0.712788875 0.699491728125 0.751391353125 0.6847997984374999 0.777126334375 0.6443973296875 0.777126334375 0.589302928125 0.760582428125 0.5452274421875
1 0.44073305781250005 0.2513907984375 0.4480858921875 0.28995682968750003 0.47014453593749994 0.3266864328125 0.49404135312499997 0.3358687546875 0.5013941828124999 0.33219588906249997 0.512423428125 0.2917932671875 0.5050706734375 0.2256801078125 0.48668844218749996 0.203642290625 0.4462477234375 0.21649763437499997 0.44073305781250005 0.2513907984375
1 0.5399966609375 0.0034660796874999996 0.54183490625 0.0824345796875 0.57676096875 0.15589378125 0.6208781078125 0.1485478890625 0.6374220140625 0.1044724015625 0.6466130890625 0.045705134375 0.6429366734374999 0 0.5399966609375 0.0034660796874999996
1 0.4113216609375 0 0.42418915156250003 0.0291767671875 0.46095345937500004 0.023667312500000003 0.46462987499999997 0 0.4113216609375 0
1 0.8065378125 0.2513907984375 0.7734499203125 0.23669886562500003 0.7348474421875 0.2513907984375 0.7274945359375 0.28995682968750003 0.7311710265625 0.334032321875 0.7477149375 0.3523971203125 0.795508490625 0.3560701421875 0.810214303125 0.2917932671875 0.8065378125 0.2513907984375
1 0.7624206734375 0.163239821875 0.760582428125 0.203642290625 0.7869222234375 0.22551875937500002 0.8157289640625001 0.2054787234375 0.8267582859375 0.157730365625 0.8212436249999999 0.0971265140625 0.795508490625 0.093453490625 0.76425884375 0.1210007671875 0.7624206734375 0.163239821875
1 1 0.2256801078125 0.9848446109375001 0.231189415625 0.9591097765625 0.26240955781249997 0.9609477984374999 0.30832163437500004 1 0.3432147953125 1 0.2256801078125
1 0.9517567953125001 1 0.9407274734375 0.9657812453125001 0.9168306609375 0.934561103125 0.8892574281250001 0.9492527328125 0.8855810140625 1 0.9517567953125001 1
1 0.8267582859375 0.7454036515625 0.7993230171875 0.7413917765625 0.8028613968749999 0.8060073531249999 0.830434625 0.8078439375 0.852493196875 0.767441321875 0.8267582859375 0.7454036515625
1 0.484850196875 0.9253786249999999 0.4793355359375 0.956598771875 0.49220310781250004 1 0.527129240625 0.9859824828124999 0.5252909203125 0.9419069906249999 0.5041841296875 0.9199632046874999 0.484850196875 0.9253786249999999
1 0.843302196875 0.6278689640625 0.8249199640624999 0.62603253125 0.832272946875 0.6701080171875 0.8580077812500001 0.6480703484375 0.843302196875 0.6278689640625
1 0.9719771203124999 0.6829633609375 0.970139103125 0.6645985624999999 0.9572714546875 0.6554160890625 0.9480804546874999 0.6664349953125 0.9462067281250001 0.6720419203125 0.9572714546875 0.6903094015625 0.9719771203124999 0.6829633609375
1 0.532266959375 0.38939702187499997 0.556378 0.3985735578125 0.5701557187499999 0.388249990625 0.5804889906249999 0.3377793703125 0.5701557187499999 0.30566173281250003 0.5380077234375 0.296485196875 0.5276744515625 0.3205734234375 0.5276744515625 0.360720571875 0.532266959375 0.38939702187499997