1 0.2491883125 0.3594426421875 0.2471590890625 0.3864989203125 0.24580627656249998 0.40611471874999994 0.24580627656249998 0.435876625 0.2336309515625 0.48390151406250004 0.23971861562500002 0.5366612546875 0.25527597343749997 0.5670995671875 0.2762445890625 0.5819805171875 0.30059523593750004 0.5508657984374999 0.2972132046875 0.506899353125 0.289096321875 0.47713744687500004 0.2809794375 0.43993506718750003 0.29315476406249996 0.4189664515625 0.29518398281249997 0.4000270578125 0.279626625 0.365530303125 0.2688041109375 0.3499729421875 0.2491883125 0.3594426421875
1 0.3102364203125 0.314009053125 0.29891850937500003 0.3360160984375 0.2995472859375 0.367454728125 0.301433603125 0.4102112671875 0.3152665984375 0.4491951703125 0.3347585484375 0.4705734421875 0.3661971828125 0.462399396875 0.3800301828125 0.42215794687499997 0.3831740453125 0.3838028171875 0.382545271875 0.35299295937499997 0.3737424546875 0.3385311875 0.3555080484375 0.3077213265625 0.3341297765625 0.2932595578125 0.3102364203125 0.314009053125
1 0.7713414640625 0.466463415625 0.781141115625 0.46428571406249997 0.7942073171875 0.469185540625 0.8089067953125 0.46428571406249997 0.818162021875 0.4359756109375 0.8257839734375001 0.41202090625 0.84375 0.3935104515625 0.861171603125 0.37173345156250004 0.868793553125 0.344512196875 0.868793553125 0.3172909421875 0.8617160265624999 0.27918118281250004 0.8448388484375 0.25032665625 0.84919425 0.21875 0.834494771875 0.18118467031250002 0.8143510453125 0.1664851921875 0.7882186421874999 0.156685540625 0.770797040625 0.170296165625 0.752286584375 0.188262196875 0.7403092328125 0.207317071875 0.7403092328125 0.23399390156250002 0.7457534828125 0.25849303125 0.7599085359375 0.2819033078125 0.770797040625 0.315657665625 0.7675304859375001 0.3374346703125 0.7544642859375 0.3592116734375 0.7419425093750001 0.384255228125 0.7294207328125 0.375 0.7201655046875 0.3875217765625 0.7168989546875 0.431620209375 0.7250653296875 0.471363240625 0.7305095796875001 0.500762196875 0.7490200359375 0.49858449531250004 0.760452959375 0.4735409421875 0.7713414640625 0.466463415625
1 0.6875 0.07012195156249999 0.6907665484375001 0.09135453125000001 0.7147212546875 0.0918989546875 0.7250653296875 0.08264372812500001 0.7266986078125 0.055966896875000005 0.713087978125 0.0385452953125 0.694033103125 0.0385452953125 0.6891332765625 0.0472560984375 0.6875 0.07012195156249999
1 0.582425959375 0.06522212499999999 0.5884146343750001 0.0897212546875 0.6031141109375 0.09679878125 0.622168990625 0.09679878125 0.633601915625 0.082099303125 0.6379573171875 0.09679878125 0.6488458171875 0.09952090625 0.662456446875 0.0897212546875 0.6630008703125 0.07393292812499999 0.643945990625 0.051067071875 0.6417682953125 0.022756968750000002 0.6265243890625001 0.0015243890624999999 0.596036584375 0.0015243890624999999 0.582970384375 0.018401567187500002 0.582425959375 0.06522212499999999
1 0.601480834375 0.278636759375 0.6085583609375 0.2884364109375 0.6210801390625 0.2884364109375 0.6270688171875001 0.278636759375 0.627613240625 0.267748259375 0.6210801390625 0.2574041828125 0.6047473890624999 0.2563153296875 0.6009364109375 0.26175957968749997 0.601480834375 0.278636759375
1 0.5830357140625 0.552678571875 0.5696428578125 0.5258928578125001 0.5477678578125 0.5272321421874999 0.541071428125 0.5397321421875 0.5424107140625 0.606696428125 0.5575892859375 0.624553571875 0.5700892859375 0.6258928578125 0.5870535718750001 0.6040178578125001 0.5870535718750001 0.578571428125 0.5830357140625 0.552678571875
1 0.42471591093749994 0.056919642187499994 0.42522321406249997 0.0883725671875 0.427759740625 0.12185470937500001 0.4414569828125 0.141132303125 0.466822240625 0.141132303125 0.471895290625 0.115259740625 0.47290990156249996 0.0589488609375 0.45566152656250003 0.032061687500000005 0.4302962671875 0.031554384375 0.42471591093749994 0.056919642187499994
1 0.4549107140625 0.3044642859375 0.4647930171875 0.3313717546875 0.477678571875 0.328571428125 0.4835633125 0.31209415625000003 0.48392857187500005 0.29375 0.4825892859375 0.26964285781249997 0.46580762968749995 0.2471590890625 0.453125 0.2790178578125 0.4549107140625 0.3044642859375
1 0.817027165625 1 0.8233148890624999 0.9786217328125 0.8283450718750001 0.9610160984375 0.829602615625 0.9346076468750001 0.8220573437500001 0.902540240625 0.8189134828125001 0.8736167015625 0.8163983890625 0.85160965625 0.8195422546875 0.8226861156249999 0.8277162984374999 0.797535209375 0.834004021875 0.7811871203125 0.835261571875 0.763581490625 0.83589034375 0.7422032187500001 0.8321177046875 0.7220824953125 0.8157696156249999 0.7113933609374999 0.8013078484375 0.7063631781249999 0.7799295765625 0.7038480890625001 0.760437625 0.7032193171875 0.7478621734375 0.7139084515625 0.738430584375 0.7352867187500001 0.7352867187500001 0.75603621875 0.7352867187500001 0.781815896875 0.7352867187500001 0.800050303125 0.730256540625 0.8195422546875 0.734657946875 0.850980884375 0.7478621734375 0.8685865171874999 0.741574446875 0.9019114687500001 0.748490946875 0.9352364203124999 0.7472334015625 0.975477865625 0.7554074468749999 1 0.817027165625 1
1 0.8526785718750001 0.6424107140624999 0.8526785718750001 0.6611607140625 0.8607142859374999 0.669196428125 0.8763392859374999 0.671428571875 0.8794642859374999 0.6625 0.8803571421875 0.64375 0.8763392859374999 0.6330357140625 0.8607142859374999 0.6321428578125 0.8526785718750001 0.6424107140624999
1 1 0.1642857140625 0.9915178578124999 0.1741071421875 0.990625 0.1959821421875 0.990625 0.22633928593750002 0.9919642859375 0.2607142859375 1 0.2669642859375 1 0.1642857140625
1 0.927062375 0.894366196875 0.9144869203124999 0.8673289734375 0.8975100625 0.8667002015625 0.8817907453125 0.8855633796875001 0.8729879281249999 0.898138834375 0.8729879281249999 0.9440392359375 0.8817907453125 0.974220321875 0.9069416515625001 0.9773641828124999 0.9214034203124999 0.9578722328125 0.927062375 0.9427816921875 0.927062375 0.894366196875
1 1 0.7069919515625 0.992454728125 0.6956740453125 0.9830231390625 0.69190140625 0.96793259375 0.695045271875 0.964159959375 0.7201961781249999 0.964159959375 0.7409456734375001 0.9685613656250001 0.7629527140625 0.993712271875 0.763581490625 1 0.7503772640624999 1 0.7069919515625