1 0.34253246875 0.5255681828125 0.3459145 0.508658009375 0.352002165625 0.491747834375 0.354707790625 0.48092532656250003 0.354707790625 0.4518398265625 0.3574134203125 0.40584415625 0.34388528125 0.3882575765625 0.322916665625 0.3875811703125 0.3127705625 0.4004329015625 0.2958603890625 0.429518396875 0.2870670984375 0.4538690484375 0.28368506718750003 0.4714556296875 0.2877435046875 0.4964826828125 0.2924783578125 0.520833334375 0.303977271875 0.5451839828125 0.3290043296875 0.5418019468749999 0.34253246875 0.5255681828125
1 0.35606060781250004 0.49512987031250005 0.35267857187499996 0.5066287859374999 0.350649353125 0.522862553125 0.350649353125 0.5458603890625 0.354031384375 0.5654761921875 0.3689123390625 0.5783279234375 0.3790584421875 0.5783279234375 0.399350646875 0.573593071875 0.399350646875 0.5681818171875 0.40611471874999994 0.539096321875 0.414231603125 0.5140692640625 0.41964285781250005 0.49715908906250006 0.4189664515625 0.478219696875 0.40814393750000005 0.4498106078125 0.395292209375 0.43560606249999995 0.3810876609375 0.4247835484375 0.3722943703125 0.4315476203125 0.36755952187499996 0.4498106078125 0.3614718609375 0.45860389687499997 0.35606060781250004 0.47957250937499996 0.35606060781250004 0.49512987031250005
1 0.448051946875 0.520833334375 0.4622564953125 0.5194805171875 0.476461040625 0.5018939375 0.4832251078125 0.4836309515625 0.48863636093749996 0.4660443703125 0.49472402656250003 0.445075759375 0.49472402656250003 0.41666666562500004 0.49472402656250003 0.40381493281249997 0.49337121406250006 0.3909632046875 0.4832251078125 0.37405303125 0.46766775000000005 0.3693181828125 0.4487283578125 0.38690476406249996 0.4324945890625 0.3936688296875 0.42843614687500003 0.41734307187499997 0.42437770468749997 0.43087121406250006 0.4203192640625 0.45657467343749997 0.42234848593749996 0.47416125468750003 0.42911255312499996 0.48836579843749994 0.43520021406250003 0.5045995671875 0.43790584375 0.5174512984375 0.448051946875 0.520833334375
1 0.406791125 0.42207792343749995 0.4209956703125 0.428165584375 0.427759740625 0.40854978593749997 0.42370129843750004 0.3902867953125 0.40814393750000005 0.3936688296875 0.406791125 0.42207792343749995
1 0.4948308265625 0.7066494375000001 0.5030545140625 0.7189849640625 0.5153900359375 0.722509396875 0.528900375 0.720747178125 0.5453477453125 0.7066494375000001 0.5476973703125 0.6907894734375 0.551809209375 0.678453946875 0.554158834375 0.6655310140624999 0.557095865625 0.652608084375 0.5606202984374999 0.6332236828125 0.5500469906250001 0.6214755624999999 0.5476973703125 0.5838815796875 0.533599625 0.5821193609375 0.5200892859375 0.5938674828125 0.5024671078125 0.601503759375 0.4954182328125 0.6167763171875 0.4854323296875 0.6314614640625 0.473684209375 0.6320488703125 0.471921990625 0.6467340218750001 0.4689849640625 0.6714050765625 0.47485902187500006 0.686090228125 0.4871945484375 0.69901315625 0.4948308265625 0.7066494375000001
1 0.42492951406249996 0.6731672953125 0.425516915625 0.7142857140625 0.44842575 0.7119360890624999 0.4666353390625 0.7066494375000001 0.470159771875 0.6925516921875 0.46781015156250005 0.6355733078125 0.44078947343749997 0.6531954859375 0.4378524421875 0.6661184203125 0.42492951406249996 0.6731672953125
1 0.5500469906250001 0.49753289218749996 0.5324248125000001 0.5028195484375 0.53125 0.5486372187499999 0.548284771875 0.5550986828125 0.5500469906250001 0.49753289218749996
1 0.5782424828125 0.5175047015625001 0.5694313921874999 0.5327772546875 0.5694313921874999 0.572133459375 0.5764802640625 0.574483084375 0.6035009421875001 0.572133459375 0.6152490578124999 0.54393796875 0.6076127812500001 0.5163298890625 0.5993890984375 0.5004699234375 0.583529134375 0.5034069546875 0.5782424828125 0.5175047015625001
1 0.6058505624999999 0.642034771875 0.5905780093749999 0.6402725578124999 0.582354321875 0.648496240625 0.5800047015625001 0.7019501874999999 0.5935150359375 0.70841165625 0.609375 0.70018796875 0.6058505624999999 0.642034771875
1 0.27239975 0.64771303125 0.2731829546875 0.59758771875 0.25830200468750003 0.5881892234375 0.24263784375 0.598370928125 0.24263784375 0.6665100265625 0.265350875 0.6665100265625 0.27239975 0.64771303125
1 0.38048245468749997 0.8302004999999999 0.3828320796875 0.7714599015625 0.3593358390625 0.7354323296875 0.343671678125 0.7369987453125 0.3201754375 0.7620614015625 0.3068609015625 0.7996553890625 0.3092105265625 0.8286340843750001 0.32487468750000004 0.85996240625 0.3319235578125 0.8803258125 0.3585526296875 0.8662280718750001 0.36560150468749997 0.8482142859374999 0.38048245468749997 0.8302004999999999
1 0.314009053125 0.8928571421875 0.29828973593749997 0.894743459375 0.29828973593749997 0.9286971828125001 0.31338028125 0.9305835 0.314009053125 0.8928571421875
1 0.23855633906249998 0.7928822953125 0.2391851109375 0.7381790765625 0.22032193281249998 0.7369215312499999 0.20837525 0.7438380265625 0.210261571875 0.8086016109375 0.22975352187500003 0.8086016109375 0.23855633906249998 0.7928822953125
1 0.095196178125 0.6168259546875 0.10777162968750001 0.6168259546875 0.1159456734375 0.59984909375 0.1159456734375 0.5250251515625 0.09771126718749999 0.5325704234375 0.08827967812500001 0.558350103125 0.08827967812500001 0.5847585484375 0.095196178125 0.6168259546875
1 0.14046780781249998 0.749522134375 0.123490946875 0.750779678125 0.1146881296875 0.760840040625 0.1153169015625 0.8186871203124999 0.12411971875000001 0.830633803125 0.142354125 0.812399396875 0.14046780781249998 0.749522134375
1 0.1335513078125 0.9518214546875001 0.1410965796875 0.963768134375 0.15304325937500002 0.9731997234374999 0.1737927546875 0.970684634375 0.186368209375 0.963768134375 0.193284709375 0.9511926828125 0.196428571875 0.9329582765625 0.1939134828125 0.9115800046875 0.186368209375 0.8971182359375 0.18070925468750001 0.8889441921874999 0.1788229375 0.8675659203125001 0.1719064375 0.8468164234375 0.15304325937500002 0.830468334375 0.1366951703125 0.8285820171875 0.12160462968750001 0.8386423796875 0.1115442640625 0.847445196875 0.10651408437500001 0.861278196875 0.10399899531250001 0.8788838296874999 0.1046277671875 0.8939743703125 0.1046277671875 0.9034059640625 0.10777162968750001 0.9166101875000001 0.113430584375 0.9254130046875 0.1222334015625 0.9392460046875 0.1335513078125 0.9518214546875001
1 0.5824949687500001 0.2791750484375 0.5894114687500001 0.287977865625 0.59632796875 0.301810865625 0.5950704234375 0.3175301828125 0.595699196875 0.33450704062500003 0.595699196875 0.349597584375 0.5806086515625 0.363430584375 0.5762072453125 0.3772635796875 0.571805834375 0.391725353125 0.5686619734375 0.41373239218749996 0.5699195171875 0.4319667984375 0.5755784687500001 0.44328470937500003 0.5900402406249999 0.44328470937500003 0.607017103125 0.4357394375 0.6126760578125 0.42379275468750005 0.622107646875 0.41750503125 0.6321680093750001 0.41310362031250003 0.643485915625 0.40178571406249997 0.6485160984375 0.3866951703125 0.650402415625 0.3684607640625 0.6491448703125 0.3458249515625 0.6460010046875 0.3275905453125 0.643485915625 0.3143863171875 0.643485915625 0.30118209375 0.6491448703125 0.2747736421875 0.6497736421875 0.24019114687499998 0.6485160984375 0.2200704234375 0.6415995984375 0.2012072453125 0.6246227359375001 0.17794265625 0.607645875 0.19303320156249998 0.596956740625 0.2087525140625 0.5919265578124999 0.22698692031249998 0.5881539234375001 0.24333500937500002 0.5850100625 0.2521378265625 0.5812374234375 0.2634557359375 0.5824949687500001 0.2791750484375
1 0.6969262281249999 0.5283957859374999 0.70278103125 0.532786884375 0.7115632328125 0.5371779859375 0.7203454328125 0.5371779859375 0.7262002328125 0.532786884375 0.7335187359375 0.529127634375 0.7401053890625 0.518149884375 0.7466920359375 0.51375878125 0.7466920359375 0.5079039828125 0.7474238890625 0.48741217812500004 0.7474238890625 0.480093678125 0.7474238890625 0.47204332656250003 0.7474238890625 0.46692037500000005 0.7510831390625 0.462529271875 0.757669790625 0.45594262499999993 0.7635245890625 0.4486241203125 0.7635245890625 0.4449648703125 0.7635245890625 0.43764637031250003 0.7540105406250001 0.43105971875 0.7474238890625 0.43105971875 0.7393735359375 0.4317915671875 0.7291276343749999 0.44203746875 0.726932084375 0.45008782187499996 0.718149884375 0.45301522343749995 0.7137587812499999 0.459601875 0.71009953125 0.4683840765625 0.7005854828125 0.4808255265625 0.7005854828125 0.491071428125 0.69912178125 0.49985362968749997 0.6969262281249999 0.5159543296875 0.6969262281249999 0.5283957859374999
1 0.6844847765625001 0.2473653390625 0.6844847765625001 0.2583430890625 0.6764344234374999 0.2671252953125 0.6713114734375 0.277371196875 0.6683840765625 0.2905444953125 0.6713114734375 0.3059133484375 0.6727751734375 0.3125 0.6757025765625 0.325673303125 0.6764344234374999 0.33079625468749996 0.677898125 0.35201990625 0.6888758796875 0.3534836078125 0.69546253125 0.3527517546875 0.7005854828125 0.3512880578125 0.70278103125 0.343969553125 0.7079039828125 0.329332553125 0.7079039828125 0.3139637015625 0.7122950796875 0.308108896875 0.7152224828125 0.299326696875 0.72107728125 0.289812646875 0.7225409828125 0.2751756421875 0.7152224828125 0.2671252953125 0.7137587812499999 0.2583430890625 0.7137587812499999 0.24809718749999998 0.7137587812499999 0.241510540625 0.7137587812499999 0.23346018750000003 0.7093676828125 0.2232142859375 0.70644028125 0.2224824375 0.69546253125 0.2224824375 0.687412178125 0.23199648593750002 0.6844847765625001 0.2473653390625
1 0.895833334375 0.3950216421875 0.8863636390625 0.3808170984375 0.8809523796875001 0.3713474015625 0.8728355000000001 0.3699945890625 0.8613365796875 0.3693181828125 0.8484848484375 0.37540584374999997 0.8390151515625 0.3875811703125 0.8308982671875 0.39705086562499997 0.8281926421874999 0.415990259375 0.8281926421874999 0.430194803125 0.8281926421874999 0.43898809375000003 0.8261634203125 0.448457790625 0.8139880937499999 0.44913420156250006 0.7991071421875 0.45657467343749997 0.790990259375 0.4640151515625 0.7842261921875 0.47010281249999997 0.77949134375 0.4836309515625 0.77949134375 0.491071428125 0.7788149328125 0.5140692640625 0.7781385265625 0.53030303125 0.77949134375 0.5445075765625 0.7849025984375 0.553977271875 0.7936958890625 0.569534634375 0.7970779234375 0.570887446875 0.8065476203124999 0.572240259375 0.8126352812500001 0.572240259375 0.820752165625 0.5627705625 0.8288690484375 0.554653678125 0.8376623390625 0.5445075765625 0.8403679640625 0.529626625 0.8478084421875 0.5147456703125 0.84375 0.5032467546875 0.8423971874999999 0.489718615625 0.8423971874999999 0.48092532656250003 0.84307359375 0.4714556296875 0.8471320359375 0.4660443703125 0.8545725093750001 0.4660443703125 0.8566017328125 0.4660443703125 0.8606601734374999 0.46469155781250004 0.8681006468750001 0.45860389687499997 0.8748647187499999 0.4511634203125 0.8795995671875 0.444399353125 0.8910984859375001 0.42884199062499995 0.8917748921875001 0.40516775000000005 0.895833334375 0.3950216421875
1 0.8910984859375001 0.37946428593750003 0.895833334375 0.3862283578125 0.9039502140625 0.3882575765625 0.913419915625 0.384875540625 0.9222132046875 0.3787878796875 0.9289772718749999 0.365936146875 0.930330084375 0.353760821875 0.9343885265624999 0.3415855 0.9343885265624999 0.3253517328125 0.930330084375 0.3125 0.9235660171875001 0.304383115625 0.9120670984375 0.2989718609375 0.898538959375 0.302353896875 0.8938041109375 0.302353896875 0.8870400453125 0.3084415578125 0.8816287859375 0.3260281390625 0.8802759734375 0.3321157984375 0.8802759734375 0.34361471875 0.8802759734375 0.35105519687500003 0.8795995671875 0.3591720765625 0.8836580093749999 0.367288959375 0.8910984859375001 0.37946428593750003
1 0.7959821421875 0.21607142812500002 0.797321428125 0.2299107140625 0.809375 0.2325892859375 0.8178571421875 0.23348214218750002 0.8258928578125 0.2258928578125 0.8294642859374999 0.21741071406249998 0.8294642859374999 0.209375 0.8294642859374999 0.197321428125 0.8299107140625 0.193303571875 0.8299107140625 0.183928571875 0.8267857140625001 0.177678571875 0.8232142859374999 0.1696428578125 0.8191964281249999 0.1638392859375 0.806696428125 0.1638392859375 0.796875 0.1794642859375 0.7959821421875 0.2013392859375 0.7959821421875 0.21607142812500002
1 0.9115803578125 0.1803571421875 0.9106875000000001 0.1602678578125 0.9097946421875 0.1383928578125 0.9089017859374999 0.124553571875 0.9071160718750001 0.1133928578125 0.8941696421875 0.09375 0.879883928125 0.07723214218749999 0.8745267859375 0.068303571875 0.8669375 0.0682946421875 0.8593482140625 0.0723125 0.8553303578125 0.0642767859375 0.8481875000000001 0.059366071875 0.8356875 0.060258928125 0.8280982140625 0.0642767859375 0.8231875000000001 0.07677678593750001 0.8209553578125 0.0964196421875 0.8267589281250001 0.11383035781249999 0.833008928125 0.11829464218750001 0.8370267859375 0.12186607187500001 0.8365803578125 0.1361517859375 0.8356875 0.14909821406249998 0.8365803578125 0.1553482140625 0.8388125000000001 0.1633928578125 0.8423839281250001 0.190625 0.8437232140625 0.21205357187499999 0.8522053578125 0.22633928593750002 0.854883928125 0.24419642812500003 0.8664910718750001 0.25 0.8772053578125 0.25401785781249997 0.8865803578125 0.25446428593750003 0.8964017859375 0.246875 0.8981875 0.22767857187499999 0.9048839281250001 0.2102678578125 0.9093482140625 0.20446428593750002 0.9115803578125 0.1803571421875
1 0.7749732140625001 0.0919553578125 0.776758928125 0.11070535781249999 0.7950625 0.10847321406249999 0.7968482140625001 0.079008928125 0.7932767859375 0.0553482140625 0.782116071875 0.0553482140625 0.7749732140625001 0.061598214062500004 0.7749732140625001 0.0919553578125
1 0.7094375 0 0.708991071875 0.0285625 0.7264017859375 0.028116071875 0.7330982140625 0.020973214062500002 0.7330982140625 0 0.7094375 0
1 1 0.5237676078125 0.9949823921875 0.5187374234375 0.98492203125 0.5137072453125 0.9817781703125 0.5143360171875 0.9792630796875 0.5143360171875 0.9786343078125 0.5168511078125 0.974232896875 0.5218812859375 0.9654300796875 0.5225100625 0.9553697187499999 0.5225100625 0.9415367187499999 0.534456740625 0.92581740625 0.551433603125 0.9195296781250001 0.5671529203125 0.91198440625 0.5841297765625 0.9132419515624999 0.6161971828125 0.925188634375 0.6237424546875 0.97800553125 0.5797283703125 0.9817781703125 0.564009053125 0.9899522140625001 0.5690392359375 1 0.5715543265624999 1 0.5237676078125
1 0.90506790625 0.621227365625 0.90506790625 0.5715543265624999 0.8855759546874999 0.5608651921875001 0.8673415484375001 0.5772132812499999 0.8641976874999999 0.6161971828125 0.86859909375 0.65015090625 0.90506790625 0.621227365625
1 1 0.1576028125 0.9736201296875 0.15692640625 0.9655032453124999 0.180600646875 0.9729437234375 0.209009740625 1 0.21036255312500002 1 0.1576028125
1 0.9138289015625001 0.0155730890625 0.900332228125 0.012458473437500001 0.8868355484375 0.0238787359375 0.8868355484375 0.056063125000000005 0.9013704328125 0.0622923578125 0.9117524906250001 0.0674833890625 0.926287375 0.0674833890625 0.926287375 0.0498338890625 0.926287375 0.0446428578125 0.916943521875 0.041528240625000004 0.9138289015625001 0.0290697671875 0.9138289015625001 0.0155730890625
1 0.47120221406249996 0.10500503125 0.461141853125 0.12764084375 0.47434607656249994 0.140845071875 0.49572434843749996 0.140845071875 0.4925804828125 0.10374748593750001 0.47120221406249996 0.10500503125
1 0.271214790625 0.050930584375 0.265555834375 0.0459004015625 0.24732142812500002 0.0465291734375 0.24669265624999998 0.0741951703125 0.26492706250000003 0.0767102640625 0.2718435625 0.06853621875 0.271214790625 0.050930584375
1 0.0009799640625 0.787783103125 0 0.9396777015625 0.0064242140625 0.9396777015625 0.0178571421875 0.9342334515624999 0.028745642187499997 0.9233449468750001 0.0331010453125 0.907012196875 0.037456446875 0.88959059375 0.036912021875 0.8612804859375001 0.0352787453125 0.843314459375 0.03092334375 0.8133710796875 0.018401567187500002 0.787783103125 0.0009799640625 0.787783103125