1 0.9559668078125 0.119628665625 0.896521571875 0.11452839687500001 0.8744418390625001 0.123878896875 0.860854396875 0.14427996406250002 0.8710450171874999 0.15703062968749998 0.8973707359375 0.16213089687499999 0.9160535671875 0.1612808265625 0.94322853125 0.1595807640625 0.963609771875 0.1578806609375 0.9704035718749999 0.1434298921875 0.9704035718749999 0.1323793296875 0.9602129515625 0.11792856249999999 0.9559668078125 0.119628665625
1 0.8447192187500001 0.1910323890625 0.8175442593750001 0.18508209375 0.7903692140625 0.19018235781249998 0.7835754953125 0.203783053125 0.7971630140625 0.209733353125 0.8183934234375 0.2114334546875 0.8447192187500001 0.2139835890625 0.86425121875 0.2139835890625 0.8769894953125 0.209733353125 0.8761403265625001 0.19953282187500002 0.8651004640625001 0.1910323890625 0.8489652859374999 0.19018235781249998 0.8447192187500001 0.1910323890625
1 0.7088379828125 0.0720483265625 0.7028935093750001 0.0720483265625 0.7054411609375 0.07544853124999999 0.6994966078125 0.0703482640625 0.7039434421874999 0.07445151718750001 0.679115365625 0.0711982953125 0.6536388125 0.0711982953125 0.639202125 0.07799866562499999 0.6375036390625 0.089049228125 0.6476942593749999 0.10349999531250001 0.6663770890625 0.11030032187500001 0.685909084375 0.11030032187500001 0.707139571875 0.1077501921875 0.721576259375 0.10605012968750001 0.7266715718750001 0.0932994640625 0.7224255046875 0.07714859375000001 0.7088379828125 0.0720483265625
1 0.5789075671874999 0.12985135781249998 0.5500341921875 0.1366517234375 0.5254068078125 0.152802553125 0.5228591515625001 0.16895338437500002 0.537295915625 0.179153915625 0.568716946875 0.1808540171875 0.5941935 0.177453853125 0.621368540625 0.17065348593750002 0.628162259375 0.1502524203125 0.618820884375 0.134951625 0.602685709375 0.132401490625 0.5789075671874999 0.12985135781249998
1 0.6459958484375 0.15450265624999998 0.6714724015625 0.152802553125 0.6842106734375 0.153652584375 0.7139332953124999 0.143452053125 0.7377114375 0.1366517234375 0.74450515625 0.1264511921875 0.741108334375 0.11030032187500001 0.7266715718750001 0.1043500265625 0.691004396875 0.1077501921875 0.66552784375 0.109450290625 0.6417497812499999 0.11540058906249999 0.6349559828125 0.12135092343750001 0.6324083265625 0.13155145937499998 0.6349559828125 0.1460021875 0.6459958484375 0.15450265624999998
1 0.6069201390625001 0.042296803125 0.6230553171875 0.045696928125 0.6417381468750001 0.045696928125 0.6595717328124999 0.0405966609375 0.665516209375 0.0320962671875 0.6663654546875 0.017645464062499998 0.648531865625 0.010845134375 0.62560296875 0.010845134375 0.6154123484375 0.012545196875000001 0.6018248296875 0.029546134374999998 0.6069201390625001 0.042296803125
1 0.47017183906250004 0.0388965984375 0.441298384375 0.0473970671875 0.4302585984375 0.0584476296875 0.43959997343749996 0.07459845937500001 0.45233825000000005 0.07969872812499999 0.4761163921875 0.07969872812499999 0.49904529062499997 0.064397928125 0.5024421109375 0.0473970671875 0.49734679843749996 0.0405966609375 0.49989445468750004 0.049097129687500005 0.49734679843749996 0.0465469953125 0.47017183906250004 0.0388965984375
1 0.255246165625 0.1137005265625 0.26628603125 0.11795072343749999 0.28072271875 0.11795072343749999 0.301103959375 0.11455055781250001 0.301103959375 0.0932994640625 0.29176258437499997 0.0856490625 0.288529759375 0.0859199953125 0.2620399640625 0.0822488609375 0.2501508578125 0.0924493921875 0.255246165625 0.1137005265625
1 0.0777594640625 0.4157084734375 0.0896485765625 0.42675904062500003 0.1159742953125 0.431859303125 0.147395478125 0.423358875 0.1584352671875 0.40380783906250006 0.149943134375 0.3842568078125 0.1470852234375 0.3930202953125 0.09899003125 0.3902071421875 0.07606113437499999 0.39360730781250003 0.0777594640625 0.4157084734375
1 0.269682928125 0.5397500265625 0.2645876203125 0.5516506609375 0.279873553125 0.5601510937499999 0.301103959375 0.5644013265625001 0.3265805140625 0.5610011609375001 0.3418664421875 0.5525006921875 0.3376203796875 0.5423001609375 0.322334446875 0.533799728125 0.3180883796875 0.5354998296875 0.296008646875 0.5354998296875 0.269682928125 0.5397500265625
1 0.6145183578125 0.44539510312499997 0.6365980890625 0.4530455046875 0.6671699515625 0.4521954734375 0.6968925671874999 0.45049537031250003 0.701138634375 0.430944375 0.694344915625 0.4156435765625 0.6739636734375 0.40969324062499995 0.63574884375 0.41054331250000003 0.6136691921875 0.42074384374999996 0.6145183578125 0.44539510312499997
1 0.8124391031249999 0.4976577953125 0.8200820671875 0.51125853125 0.8404633078125 0.5231591250000001 0.8599953078125001 0.5214590625 0.891416415625 0.514658696875 0.893964071875 0.508708396875 0.888868759375 0.49170749531249996 0.8693366828125001 0.490007396875 0.8633922046875 0.4874572640625 0.8353680000000001 0.48235699531250004 0.8124391031249999 0.4976577953125
1 0.793756271875 0.7517656703125 0.8302726874999999 0.7492155359375 0.8438601296874999 0.7432652359375 0.8515030984375 0.7364648703125 0.8353680000000001 0.7296645046875 0.8192328218749999 0.7262643390625 0.8148053796875001 0.7294289203125001 0.7920578609375 0.7288144734374999 0.774224271875 0.7432652359375 0.793756271875 0.7517656703125
1 0.6612782015625001 0.69736284375 0.6315555796875 0.7007630093749999 0.622214125 0.7092634375 0.6256110265625 0.71946396875 0.650238334375 0.732214634375 0.680810196875 0.732214634375 0.7088344015625 0.7254143078124999 0.7156282015625 0.710963540625 0.7062867500000001 0.7033131421875 0.6960961296875 0.7024631109375 0.6994930265625 0.7033131421875 0.6612782015625001 0.69736284375
1 0.7394062671875 0.8308197953124999 0.7555414421875 0.8316698265625 0.7759226828125 0.8342199593749999 0.7997008265625001 0.8257195265625 0.803097646875 0.8189191609375 0.803880134375 0.81578628125 0.7880456031249999 0.8122568031249999 0.754692196875 0.811268759375 0.7300648890625 0.8129688609375 0.726667990625 0.8265695578125 0.7394062671875 0.8308197953124999
1 0.63451215625 0.77641696875 0.6149801609375001 0.779817134375 0.6081863609375 0.790867696875 0.6073371921875 0.8061684953125001 0.616678571875 0.8163690265625 0.6379090578125 0.8214692953125 0.6591394640625 0.8121188296874999 0.6795207046875 0.801068228125 0.6829176078125 0.7883175625 0.674425396875 0.7815172359375 0.6657151921875 0.777851375 0.63451215625 0.77641696875
1 0.353346553125 0.861704759375 0.3711801421875 0.8540543609375 0.3669340765625 0.837903490625 0.3448544203125 0.8294030625 0.3202270359375 0.8345033296875 0.31088566093750003 0.8472539953125 0.3329653125 0.861704759375 0.353346553125 0.861704759375
1 0.2183208265625 0.596375334375 0.225114625 0.6074258968749999 0.24294821406249997 0.6167764015625 0.267575521875 0.6184765 0.2879567640625 0.6142262671875 0.2939013171875 0.6031757015625 0.2871075171875 0.5887249375 0.276916896875 0.587024834375 0.26842476406250004 0.586174803125 0.2395513125 0.587024834375 0.2183208265625 0.596375334375
1 0.39750593749999996 0.6184495937500001 0.411942625 0.6346004234375 0.43147470156249995 0.641400790625 0.4459113890625 0.6456509859375 0.467141875 0.6456509859375 0.49346759375 0.6380005843750001 0.501959803125 0.6124992546875 0.4807293171875 0.6048488578125 0.4527051078125 0.596348428125 0.40684731249999995 0.6107991921875 0.39750593749999996 0.6184495937500001
1 0.324473178125 0.62950015625 0.31598096875000004 0.6405507187499999 0.3227746921875 0.64990121875 0.34400517812500003 0.653301384375 0.372029384375 0.64990121875 0.3881645625 0.6448009546875 0.391561384375 0.637150553125 0.3907122140625 0.632050290625 0.37627545156250003 0.628650125 0.3474020765625 0.627800053125 0.324473178125 0.62950015625
1 0.706256321875 0.3712418078125 0.715597771875 0.3644414375 0.7054071515625 0.3593411734375 0.7393758390625 0.34999067031250003 0.7640032234375 0.3389401078125 0.7665508796875 0.3270394734375 0.749566459375 0.3236393078125 0.749566459375 0.3185390453125 0.723240740625 0.309188540625 0.6629461828125 0.307488478125 0.6425649375 0.3142888078125 0.6400172859375 0.3270394734375 0.6493587359374999 0.3380900765625 0.6493587359374999 0.3389401078125 0.6255805984375 0.34744054062499996 0.6085962546875 0.35424090625 0.6111439109375 0.3703917359375 0.636620459375 0.3805922671875 0.677382946875 0.37889220468749996 0.706256321875 0.3712418078125
1 0.056329062500000006 0.7256544015624999 0.048786696875 0.7473592906250001 0.0536325359375 0.756444321875 0.07801345937500001 0.763402021875 0.095926678125 0.7549088265624999 0.10064063906250001 0.7303728703125001 0.07801345937500001 0.7124427453125 0.056329062500000006 0.7256544015624999