1 0.6741071421875 0.8080357140625001 0.7455357140625 0.7723214281249999 0.7366071421875 0.7276785718750001 0.6473214281249999 0.7589285718750001 0.625 0.7946428578125 0.6741071421875 0.8080357140625001
1 0.8794642859374999 0.7946428578125 0.8214285718750001 0.8169642859374999 0.78125 0.8660714281249999 0.8616071421875 0.8705357140625001 0.8973214281249999 0.84375 0.9017857140625001 0.8035714281249999 0.8794642859374999 0.7946428578125
1 0.8794642859374999 0.7589285718750001 0.9330357140625001 0.7321428578125 0.9285714281249999 0.6964285718750001 0.875 0.6919642859375 0.8303571421875 0.75 0.8794642859374999 0.7589285718750001
1 0.9821428578125 0.5714285718750001 0.9375 0.6294642859375 0.9910714281249999 0.6294642859375 1 0.5803571421875 0.9821428578125 0.5714285718750001
1 0.78125 0.3883928578125 0.7544642859375 0.40178571406249997 0.75 0.43303571406249997 0.7946428578125 0.446428571875 0.8482142859374999 0.41071428593750003 0.8482142859374999 0.3883928578125 0.78125 0.3883928578125
1 0.2672511515625 0.8231741109374999 0.1252682859375 0.9193829546875 0.0761611421875 0.9997400984375 0.14758971406250002 0.9997400984375 0.214554 0.955097240625 0.3192735625 0.8187138484375 0.2672511515625 0.8231741109374999
1 0.40625 0.5848214281249999 0.3571428578125 0.5758928578125 0.32142857187499996 0.6116071421875 0.3258928578125 0.6428571421875 0.40178571406249997 0.6383928578125 0.42410714218749995 0.6160714281249999 0.40625 0.5848214281249999
1 0.21875 0.36607142812500004 0.35267857187499996 0.33482142812500004 0.2678571421875 0.3303571421875 0.21875 0.36607142812500004
1 0.6607142859375 0 0.6160714281249999 0.0758928578125 0.6205357140625 0.12946428593749998 0.6607142859375 0.15178571406250002 0.7901785718750001 0.0267857140625 0.7946428578125 0 0.6607142859375 0
1 0.6875 0.1875 0.6919642859375 0.20982142812500001 0.75 0.2053571421875 0.75 0.1696428578125 0.6875 0.1875
1 0.9196428578125 0.53125 0.8794642859374999 0.5758928578125 0.9330357140625001 0.5669642859375 0.9375 0.5401785718750001 0.9196428578125 0.53125
1 0.48660714218749995 0.4375 0.5178571421875 0.446428571875 0.5223214281249999 0.41071428593750003 0.48660714218749995 0.4375
1 0.43303571406249997 0.49553571406249997 0.45089285781250005 0.5089285718750001 0.48660714218749995 0.48214285781250005 0.477678571875 0.459821428125 0.43303571406249997 0.49553571406249997
1 0.5556030265625 0.15281459375 0.27659388906250004 0.2771083296875 0.44777134375000005 0.25487409375 0.5357142859375 0.2232142859375 0.6071428578125 0.1696428578125 0.6100812640625 0.1347830625 0.5556030265625 0.15281459375
1 0.3883928578125 0.41964285781250005 0.30803571406249997 0.44196428593750003 0.375 0.45535714218749995 0.3928571421875 0.4375 0.3883928578125 0.41964285781250005
1 0.717157584375 0.8967515671875 0.713974665625 0.9056014375 0.7182185671875 0.9130353078125 0.7475723796875 0.9084333796875 0.7758651515625 0.9009994953125 0.790718884375 0.89179565625 0.79708475 0.8857777546875001 0.7999140171875 0.8794058703125 0.8020359859375 0.8659540890624999 0.7921335171874999 0.8560422640625 0.7850603171875 0.8542722953125 0.7705602640625 0.8546262765625 0.7528772640625 0.8574582359375 0.7458040359375 0.8627681468749999 0.7369625796875 0.875511915625 0.7267064015625 0.8864857546874999 0.717157584375 0.8967515671875