1 0.44602078125 1 0.44602078125 0.9175354640625001 0.42529432187499994 0.8661153921875 0.40921344218750005 0.8536174687500001 0.3809825578125 0.856474146875 0.362757571875 0.8753995625 0.3616855140625 1 0.44602078125 1
1 0.53125 0.6741071421875 0.5044642859375 0.6696428578125 0.491071428125 0.7053571421875 0.49553571406249997 0.7723214281249999 0.5178571421875 0.8035714281249999 0.5491071421875 0.7589285718750001 0.53125 0.6741071421875
1 0.30803571406249997 0.41964285781250005 0.3125 0.34821428593750003 0.2946428578125 0.3125 0.25446428593750003 0.30803571406249997 0.2366071421875 0.3303571421875 0.22767857187499999 0.40625 0.25446428593750003 0.45535714218749995 0.30803571406249997 0.41964285781250005
1 0.28571428593750003 0.165178571875 0.28571428593750003 0.0669642859375 0.2678571421875 0.053571428125 0.2142857140625 0.0669642859375 0.20982142812500001 0.147321428125 0.2366071421875 0.2008928578125 0.27232142812500004 0.19196428593749998 0.28571428593750003 0.165178571875
1 0.0491071421875 0 0.0669642859375 0.0669642859375 0.09375 0.0625 0.10714285781249999 0.0357142859375 0.10714285781249999 0 0.0491071421875 0
1 0.48214285781250005 0.0044642859375000005 0.477678571875 0.0625 0.5091968125 0.0498427046875 0.5068838890625 0.015174920312500001 0.48214285781250005 0.0044642859375000005
1 0.2081095453125 0.741623884375 0.2145309734375 0.7407683171875 0.2162433609375 0.7544570671875 0.2320828796875 0.7536015 0.240216696875 0.7536015 0.2393605171875 0.742051646875 0.24492573593750003 0.7386294546875 0.2457819328125 0.72451296875 0.25348766093749997 0.7223741078125 0.254909146875 0.679844584375 0.2470662328125 0.673608 0.241929084375 0.668902509375 0.23764812968750001 0.6637692140625 0.23422335312499998 0.6586359515625 0.228658134375 0.6594914859375 0.22052431718749999 0.6590637187499999 0.2183838390625 0.6667636421875 0.214102884375 0.6706135718749999 0.21324667343749998 0.6795968265625 0.208537634375 0.6791690265625 0.2081095453125 0.741623884375
1 0.2166546203125 0.792099553125 0.1920492546875 0.7993393890625 0.18842377187499998 0.8860124109375 0.199911271875 0.89361246875 0.2198707984375 0.877799540625 0.22022814687499997 0.819952053125 0.2166546203125 0.792099553125
1 0.01394921875 0.744346740625 0.01591471875 0.7357050218750001 0.017094035937499998 0.7188144421875 0.011197521875 0.7097799234375 0.0127699328125 0.690532490625 0.0015201968749999999 0.683201396875 0 0.7596660984375 0.0064802953125 0.7549524546875 0.01394921875 0.744346740625
1 0.4366240265625 0.6154312765625 0.43949874062500005 0.6783555531250001 0.44854005781249995 0.6944605359375 0.46190549062499997 0.6803195765625001 0.4607261734375 0.65203765625 0.4587606703125 0.6162924109375 0.4366240265625 0.6154312765625
1 0.44988339687499995 0.7617754515625 0.46740890156250003 0.7616301203125 0.4685881828125 0.73806184375 0.4450021421875 0.7372762453124999 0.44988339687499995 0.7617754515625
1 0.1590599203125 0.2611254953125 0.1708529421875 0.2697671875 0.1909010765625 0.2607326703125 0.196482071875 0.19162246875 0.17163914687499998 0.1888494421875 0.1625978171875 0.19670553125 0.1606323125 0.2116320890625 0.1590599203125 0.2611254953125
1 0.151301990625 0.3463151390625 0.15284407656250001 0.37818125468749997 0.165423303125 0.3770028578125 0.1669957046875 0.3487209109375 0.151301990625 0.3463151390625
1 0.047493053125000004 0.33811519687499997 0.048672353125 0.313761290625 0.0294104234375 0.3106188703125 0.0294104234375 0.33811519687499997 0.047493053125000004 0.33811519687499997
1 0.344455021875 0.6309082046875 0.3517150484375 0.6446086515625 0.3710751296875 0.6438027640625 0.3775285 0.6373555171875 0.3783351515625 0.6333259375 0.3783351515625 0.6212373343750001 0.3638151078125 0.611566396875 0.3484883796875 0.6188196031250001 0.344455021875 0.6309082046875
1 0.5727427140625 1 0.5658860484375 0.9750312593749999 0.5549959828125 0.961330875 0.5428959234375 0.9629426515624999 0.53402253125 0.9887317718749999 0.53402253125 1 0.5727427140625 1