1 1 0.55397921875 0.9175354640625001 0.55397921875 0.8661153921875 0.5747056781250001 0.8536174687500001 0.5907865578125 0.856474146875 0.6190174421875 0.8753995625 0.637242428125 1 0.6383144859375001 1 0.55397921875
1 0.8035714281249999 0.48214285781250005 0.7589285718750001 0.45089285781250005 0.6741071421875 0.46875 0.6696428578125 0.49553571406249997 0.7053571421875 0.5089285718750001 0.7723214281249999 0.5044642859375 0.8035714281249999 0.48214285781250005
1 0.45535714218749995 0.7455357140625 0.41964285781250005 0.6919642859375 0.34821428593750003 0.6875 0.3125 0.7053571421875 0.30803571406249997 0.7455357140625 0.3303571421875 0.7633928578125 0.40625 0.7723214281249999 0.45535714218749995 0.7455357140625
1 0.19196428593749998 0.7276785718750001 0.165178571875 0.7142857140625 0.0669642859375 0.7142857140625 0.053571428125 0.7321428578125 0.0669642859375 0.7857142859375 0.147321428125 0.7901785718750001 0.2008928578125 0.7633928578125 0.19196428593749998 0.7276785718750001
1 0 0.9508928578125 0.0669642859375 0.9330357140625001 0.0625 0.90625 0.0357142859375 0.8928571421875 0 0.8928571421875 0 0.9508928578125
1 0.0044642859375000005 0.5178571421875 0.0625 0.5223214281249999 0.0498427046875 0.49080318749999996 0.015174920312500001 0.4931161109375 0.0044642859375000005 0.5178571421875
1 0.6637692140625 0.7623518703125 0.6586359515625 0.765776646875 0.6594914859375 0.771341865625 0.6590637187499999 0.7794756828125 0.6667636421875 0.7816161609375001 0.6706135718749999 0.785897115625 0.6795968265625 0.7867533265625 0.6791690265625 0.7914623656249999 0.741623884375 0.7918904546875 0.7407683171875 0.7854690265625 0.7544570671875 0.7837566390624999 0.7536015 0.7679171203124999 0.7536015 0.7597833031250001 0.742051646875 0.7606394828124999 0.7386294546875 0.7550742640625 0.72451296875 0.7542180671875001 0.7223741078125 0.7465123390625 0.679844584375 0.745090853125 0.673608 0.7529337671875 0.668902509375 0.7580709156250001 0.6637692140625 0.7623518703125
1 0.877799540625 0.7801292015625 0.819952053125 0.779771853125 0.792099553125 0.7833453796875001 0.7993393890625 0.8079507453125 0.8860124109375 0.811576228125 0.89361246875 0.800088728125 0.877799540625 0.7801292015625
1 0.744346740625 0.98605078125 0.7357050218750001 0.9840852812499999 0.7188144421875 0.9829059640625 0.7097799234375 0.988802478125 0.690532490625 0.9872300671875 0.683201396875 0.998479803125 0.7596660984375 1 0.7549524546875 0.9935197046875001 0.744346740625 0.98605078125
1 0.65203765625 0.5392738265625 0.6162924109375 0.5412393296875 0.6154312765625 0.5633759734375 0.6783555531250001 0.560501259375 0.6944605359375 0.5514599421875 0.6803195765625001 0.538094509375 0.65203765625 0.5392738265625
1 0.7617754515625 0.550116603125 0.7616301203125 0.5325910984375 0.73806184375 0.5314118171875 0.7372762453124999 0.5549978578125 0.7617754515625 0.550116603125
1 0.2116320890625 0.8393676875 0.2611254953125 0.8409400796875 0.2697671875 0.8291470578125001 0.2607326703125 0.8090989234375 0.19162246875 0.803517928125 0.1888494421875 0.828360853125 0.19670553125 0.8374021828125 0.2116320890625 0.8393676875
1 0.3463151390625 0.8486980093750001 0.37818125468749997 0.8471559234375 0.3770028578125 0.834576696875 0.3487209109375 0.8330042953125 0.3463151390625 0.8486980093750001
1 0.33811519687499997 0.952506946875 0.313761290625 0.951327646875 0.3106188703125 0.9705895765625 0.33811519687499997 0.9705895765625 0.33811519687499997 0.952506946875
1 0.6309082046875 0.655544978125 0.6446086515625 0.6482849515625 0.6438027640625 0.6289248703125 0.6373555171875 0.6224715 0.6333259375 0.6216648484375 0.6212373343750001 0.6216648484375 0.611566396875 0.6361848921875 0.6188196031250001 0.6515116203125 0.6309082046875 0.655544978125
1 1 0.4272572859375 0.9750312593749999 0.4341139515625 0.961330875 0.4450040171875 0.9629426515624999 0.45710407656249996 0.9887317718749999 0.46597746874999996 1 0.46597746874999996 1 0.4272572859375