1 0.1793007140625 0.7789645796875 0.2123572953125 0.742200271875 0.1976655171875 0.7146270453125 0.14624398593750002 0.69440671875 0.070948353125 0.698083134375 0.0599294421875 0.7274945359375 0.0617660265625 0.7734499203125 0.122369884375 0.7918320765625 0.1793007140625 0.7789645796875
1 0.45477255781250003 0.760582428125 0.4566089953125 0.7238181203125 0.4308984546875 0.6962448890624999 0.40151459375 0.6778627359375 0.361112125 0.6778627359375 0.3280555484375 0.6870538125000001 0.300508271875 0.712788875 0.3152002015625 0.751391353125 0.35560267031250004 0.777126334375 0.41069707187500004 0.777126334375 0.45477255781250003 0.760582428125
1 0.7486092015625 0.44073305781250005 0.7100431703125001 0.4480858921875 0.6733135671875 0.47014453593749994 0.6641312453125 0.49404135312499997 0.6678041109375 0.5013941828124999 0.7082067328125 0.512423428125 0.7743198921875 0.5050706734375 0.796357709375 0.48668844218749996 0.783502365625 0.4462477234375 0.7486092015625 0.44073305781250005
1 0.9965339203125 0.5399966609375 0.9175654203124999 0.54183490625 0.84410621875 0.57676096875 0.8514521109375 0.6208781078125 0.8955275984375 0.6374220140625 0.9542948656249999 0.6466130890625 1 0.6429366734374999 0.9965339203125 0.5399966609375
1 1 0.4113216609375 0.9708232328124999 0.42418915156250003 0.9763326875 0.46095345937500004 1 0.46462987499999997 1 0.4113216609375
1 0.7486092015625 0.8065378125 0.763301134375 0.7734499203125 0.7486092015625 0.7348474421875 0.7100431703125001 0.7274945359375 0.665967678125 0.7311710265625 0.6476028796875 0.7477149375 0.6439298578125 0.795508490625 0.7082067328125 0.810214303125 0.7486092015625 0.8065378125
1 0.836760178125 0.7624206734375 0.796357709375 0.760582428125 0.774481240625 0.7869222234375 0.7945212765624999 0.8157289640625001 0.8422696343749999 0.8267582859375 0.9028734859374999 0.8212436249999999 0.9065465093749999 0.795508490625 0.8789992328125 0.76425884375 0.836760178125 0.7624206734375
1 0.7743198921875 1 0.7688105843749999 0.9848446109375001 0.7375904421875 0.9591097765625 0.691678365625 0.9609477984374999 0.6567852046875 1 0.7743198921875 1
1 0 0.9517567953125001 0.034218754687500005 0.9407274734375 0.065438896875 0.9168306609375 0.0507472671875 0.8892574281250001 0 0.8855810140625 0 0.9517567953125001
1 0.2545963484375 0.8267582859375 0.2586082234375 0.7993230171875 0.193992646875 0.8028613968749999 0.1921560625 0.830434625 0.23255867812500003 0.852493196875 0.2545963484375 0.8267582859375
1 0.074621375 0.484850196875 0.043401228125 0.4793355359375 0 0.49220310781250004 0.0140175171875 0.527129240625 0.058093009375000004 0.5252909203125 0.08003679531249999 0.5041841296875 0.074621375 0.484850196875
1 0.37213103593749997 0.843302196875 0.37396746875 0.8249199640624999 0.3298919828125 0.832272946875 0.3519296515625 0.8580077812500001 0.37213103593749997 0.843302196875
1 0.3170366390625 0.9719771203124999 0.3354014375 0.970139103125 0.3445839109375 0.9572714546875 0.3335650046875 0.9480804546874999 0.3279580796875 0.9462067281250001 0.3096905984375 0.9572714546875 0.3170366390625 0.9719771203124999
1 0.610602978125 0.532266959375 0.6014264421875 0.556378 0.611750009375 0.5701557187499999 0.6622206296875001 0.5804889906249999 0.6943382671875 0.5701557187499999 0.703514803125 0.5380077234375 0.6794265765625 0.5276744515625 0.6392794281249999 0.5276744515625 0.610602978125 0.532266959375