1 0.5127727875 0.6657660796875 0.558314421875 0.6679256015624999 0.667357753125 0.646329784375 0.7250866015625 0.65712769375 0.7558753 0.6528085453125 0.771911121875 0.611776534375 0.7706281828125 0.5729040453125 0.75779955 0.553467840625 0.4986612703125 0.575063659375 0.4768526046875 0.6074573859375 0.4768526046875 0.648489409375 0.5127727875 0.6657660796875
1 1 0.2835202265625 0.9713963 0.3137543296875 0.9598504999999999 0.389339784375 0.97973491875 0.40661636406249996 0.9964121515625 0.40661636406249996 1 0.402297215625 1 0.2835202265625
1 0.0304163375 0.5426699312500001 0.050300703125 0.5253933515625 0.05735645 0.5059571593750001 0.05735645 0.4433292265625 0.0490178453125 0.4087759765625 0 0.42173342031249994 0.0021933546875000003 0.5469890796875 0.0118148140625 0.5469890796875 0.0304163375 0.5426699312500001
1 0.0753165265625 0.5210741249999999 0.0907109015625 0.5318721140625 0.10931241249999998 0.5253933515625 0.154212628125 0.5253933515625 0.1939813578125 0.5232337390625 0.2157900265625 0.5145953515625 0.2318258171875 0.4908400109375 0.23695724999999998 0.44980790937500004 0.233108675 0.43037170468749997 0.2157900265625 0.4087759765625 0.200395675 0.40445673906249996 0.1862841859375 0.402297215625 0.168324090625 0.4087759765625 0.142025409375 0.41093551093749997 0.1157267265625 0.42605255625 0.07906343906249999 0.43789930625 0.0753165265625 0.43685046562499996 0.073392253125 0.4908400109375 0.0753165265625 0.5210741249999999
1 0.0862208609375 0.7456704890625 0.10610525312500001 0.7564683984375 0.147798284375 0.754308875 0.1721726921875 0.75214925 0.18756704375 0.75214925 0.216431465625 0.7456704890625 0.233750090625 0.7370322046875 0.2536344828125 0.7240747609375 0.27480170625 0.69600018125 0.27159455 0.661446840625 0.2581245 0.6376915000000001 0.2408058515625 0.6096169203125 0.21835574375000003 0.6096169203125 0.1946227734375 0.6031381484375 0.163192634375 0.5837019546875 0.1311211046875 0.5837019546875 0.09292345625000001 0.6068969765625 0.0810894296875 0.65064893125 0.070826509375 0.69600018125 0.0862208609375 0.7456704890625
1 0.2921203578125 0.50379744375 0.337020575 0.5167549765625 0.3594706546875 0.5167549765625 0.38641080781250003 0.4886803984375 0.3889765234375 0.44980790937500004 0.3787136078125 0.42389294375000003 0.358187825 0.41957379531249994 0.326116240625 0.41957379531249994 0.3030246890625 0.41309503437500006 0.2786503078125 0.4174142734375 0.263897375 0.42605255625 0.2562002 0.4908400109375 0.2696702765625 0.49947838593749994 0.2805746078125 0.5016379203125 0.2921203578125 0.50379744375
1 0.33894487500000003 0.8752453984375 0.36331925625 0.86444756875 0.37229934062500003 0.814777090625 0.3427934765625 0.762947159375 0.3132876078125 0.81261755625 0.320343340625 0.8406920453125 0.33894487500000003 0.8752453984375
1 0.43515957031249997 0.7111172390625 0.4422153046875 0.698159715625 0.44991250625 0.6420106359375 0.4376913 0.6068969765625 0.415916621875 0.6204148296875001 0.40886094218749996 0.661446840625 0.41270954375 0.698159715625 0.43515957031249997 0.7111172390625
1 0.5788402031250001 0.8277346140624999 0.6166846890625 0.8277346140624999 0.6628677359374999 0.8298942265625 0.6917321890625 0.8277346140624999 0.700070753125 0.81261755625 0.6975050375 0.762947159375 0.6795449703124999 0.7607876359375 0.642983371875 0.754308875 0.5602387234374999 0.77374506875 0.526884253125 0.7715855453125 0.5063584734375 0.7845429765625 0.50699136875 0.8399972046874999 0.5198285203124999 0.8536495796875 0.5525415203125 0.8298942265625 0.5788402031250001 0.8277346140624999
1 0.76348929375 0.84078905625 0.760850703125 0.860777090625 0.8110384359375 0.8622878640625 0.8116798515625 0.84933043125 0.9277789703125 0.84933043125 0.938041834375 0.788862125 0.8995559328124999 0.7845429765625 0.8001340499999999 0.7802238296875 0.7443295 0.7975005000000001 0.7244451859375001 0.8363729093750001 0.745349090625 0.8385681703125 0.7456789328125 0.8485621812499999 0.76348929375 0.84078905625
1 0.4805024765625 0.3455293296875 0.4617026484375 0.35441290937500003 0.44817997343749993 0.3699592046875 0.4462010375 0.3988308296875 0.4494992671875 0.4332547265625 0.4504887328125 0.45435321562500003 0.4620324765625 0.45546368125000003 0.4798428203125 0.4532427734375 0.49633389843750003 0.4665681484375 0.506228546875 0.42992336406250004 0.5082074703125 0.37995322656249997 0.4953444328125 0.36218605625 0.4805024765625 0.3455293296875