1 0.9255319156249999 0.7911764703124999 0.9361702125000001 0.78823529375 0.9361702125000001 0.7764705875 0.9148936171875001 0.7735294125000001 0.90425531875 0.7764705875 0.90425531875 0.7911764703124999 0.9255319156249999 0.7911764703124999
1 0.7127659578125 0.6764705875 0.734042553125 0.6764705875 0.7446808515625001 0.6735294125 0.7446808515625001 0.655882353125 0.7127659578125 0.655882353125 0.702127659375 0.6588235296875 0.702127659375 0.6735294125 0.7127659578125 0.6764705875
1 0.2446808515625 1 0.2446808515625 0.982352940625 0.23404255312500002 0.9794117640625 0.20212765937500002 0.9794117640625 0.1914893609375 0.982352940625 0.1808510640625 0.9882352937500001 0.1808510640625 1 0.2446808515625 1
1 0.8191489359374999 0.6852941171875 0.84042553125 0.6852941171875 0.8510638296874999 0.6794117640625 0.8510638296874999 0.65 0.8191489359374999 0.65 0.8085106390625001 0.655882353125 0.8085106390625001 0.682352940625 0.8191489359374999 0.6852941171875
1 0.20212765937500002 0.8029411765625 0.2127659578125 0.8058823531250001 0.2446808515625 0.8058823531250001 0.265957446875 0.8 0.265957446875 0.7852941171875 0.2446808515625 0.7794117640625 0.2234042546875 0.7794117640625 0.20212765937500002 0.7852941171875 0.20212765937500002 0.8029411765625
1 0.0425531921875 0.6970588234374999 0.0531914890625 0.7029411765625 0.09574468124999999 0.7029411765625 0.106382978125 0.7 0.106382978125 0.6794117640625 0.09574468124999999 0.6764705875 0.0638297875 0.6764705875 0.0425531921875 0.6852941171875 0.0425531921875 0.6970588234374999
1 0.1808510640625 0.755882353125 0.20212765937500002 0.7617647062499999 0.2234042546875 0.7617647062499999 0.2446808515625 0.755882353125 0.2446808515625 0.7352941171875 0.23404255312500002 0.732352940625 0.20212765937500002 0.732352940625 0.1808510640625 0.7382352937500001 0.1808510640625 0.755882353125
1 0.2446808515625 0.6147058828125 0.2446808515625 0.6264705875 0.25531914843750003 0.6294117640625 0.3085106390625 0.6294117640625 0.3191489359375 0.6235294125 0.3191489359375 0.6058823531249999 0.3085106390625 0.6029411765625 0.28723404218750004 0.6029411765625 0.25531914843750003 0.6088235296875 0.2446808515625 0.6147058828125
1 0.6914893609375 0.88823529375 0.702127659375 0.894117646875 0.7234042546875 0.894117646875 0.734042553125 0.8911764703125 0.734042553125 0.85 0.7234042546875 0.8470588234375 0.702127659375 0.8470588234375 0.6914893609375 0.8529411765624999 0.6914893609375 0.88823529375
1 0.1808510640625 0.6294117640625 0.1808510640625 0.6441176468750001 0.170212765625 0.6441176468750001 0.170212765625 0.65 0.1914893609375 0.6588235296875 0.2127659578125 0.6588235296875 0.23404255312500002 0.6529411765625001 0.2446808515625 0.6470588234375 0.2446808515625 0.6323529406249999 0.2127659578125 0.6235294125 0.1914893609375 0.6235294125 0.1808510640625 0.6294117640625
1 0.8191489359374999 1 0.8297872343750001 0.9941176468749999 0.8297872343750001 0.9529411765625 0.8085106390625001 0.9441176468749999 0.7872340421875 0.9441176468749999 0.765957446875 0.955882353125 0.765957446875 0.9941176468749999 0.7872340421875 1 0.8191489359374999 1
1 0.0425531921875 0.7235294125 0.03191489375 0.7176470593750001 0.0212765953125 0.7176470593750001 0.0106382984375 0.7205882359375 0.0106382984375 0.8058823531250001 0.0212765953125 0.8058823531250001 0.0212765953125 0.817647059375 0.0425531921875 0.8147058828124999 0.0425531921875 0.8 0.0531914890625 0.8 0.0531914890625 0.7411764703125 0.0425531921875 0.7411764703125 0.0425531921875 0.7235294125
1 0.11702127656250001 0.8735294124999999 0.106382978125 0.8735294124999999 0.106382978125 0.955882353125 0.11702127656250001 0.96176470625 0.138297871875 0.96176470625 0.1489361703125 0.9529411765625 0.1489361703125 0.8794117640625 0.138297871875 0.8794117640625 0.138297871875 0.8588235296875 0.11702127656250001 0.8588235296875 0.11702127656250001 0.8735294124999999
1 0.2765957453125 0.53823529375 0.2765957453125 0.56176470625 0.297872340625 0.5647058828125 0.3085106390625 0.56176470625 0.3191489359375 0.5529411765625001 0.3191489359375 0.5411764703124999 0.3085106390625 0.5352941171875 0.28723404218750004 0.5352941171875 0.2765957453125 0.53823529375
1 0.09574468124999999 0.53823529375 0.09574468124999999 0.5588235296875 0.106382978125 0.56176470625 0.138297871875 0.56176470625 0.15957446875 0.555882353125 0.15957446875 0.544117646875 0.1489361703125 0.53823529375 0.127659575 0.5323529406249999 0.11702127656250001 0.5323529406249999 0.09574468124999999 0.53823529375
1 0 0.5264705875 0.0212765953125 0.5235294125000001 0.0425531921875 0.5117647062499999 0.0638297875 0.48823529375 0.0638297875 0.4705882359375 0.074468084375 0.4705882359375 0.074468084375 0.45294117656250005 0.0638297875 0.4470588234375 0.03191489375 0.4470588234375 0.0212765953125 0.45 0.0106382984375 0.455882353125 0.0106382984375 0.4705882359375 0 0.4705882359375 0 0.5264705875
1 0.138297871875 0.194117646875 0.138297871875 0.21176470625000002 0.127659575 0.21176470625000002 0.127659575 0.27352941249999996 0.1489361703125 0.2705882359375 0.2127659578125 0.217647059375 0.2127659578125 0.1970588234375 0.1914893609375 0.18823529375 0.15957446875 0.18823529375 0.138297871875 0.194117646875
1 0.20212765937500002 0.3 0.1808510640625 0.3 0.170212765625 0.30294117656249997 0.138297871875 0.344117646875 0.11702127656250001 0.4264705875 0.127659575 0.43235294062499996 0.170212765625 0.43235294062499996 0.1914893609375 0.4264705875 0.20212765937500002 0.4205882359375 0.20212765937500002 0.405882353125 0.2127659578125 0.405882353125 0.2234042546875 0.3647058828125 0.20212765937500002 0.3
1 0.8191489359374999 0.25588235312499996 0.84042553125 0.26176470625000003 0.861702128125 0.26176470625000003 0.872340425 0.2588235296875 0.872340425 0.244117646875 0.861702128125 0.24117647031249997 0.8297872343750001 0.24117647031249997 0.8191489359374999 0.244117646875 0.8191489359374999 0.25588235312499996
1 0.702127659375 0.1705882359375 0.7127659578125 0.1764705875 0.7446808515625001 0.1764705875 0.7553191484374999 0.1735294125 0.7553191484374999 0.1529411765625 0.7446808515625001 0.15 0.7234042546875 0.15 0.702127659375 0.155882353125 0.702127659375 0.1705882359375
1 0.84042553125 0.3411764703125 0.84042553125 0.36176470625 0.8510638296874999 0.3705882359375 0.872340425 0.3705882359375 0.893617021875 0.3647058828125 0.90425531875 0.35882352968750003 0.90425531875 0.3411764703125 0.8829787234375001 0.332352940625 0.8510638296874999 0.332352940625 0.84042553125 0.3411764703125
1 1 0.3352941171875 0.9893617015625 0.3352941171875 0.9787234046875 0.3411764703125 0.9787234046875 0.4352941171875 0.9893617015625 0.43823529375000003 1 0.43823529375000003 1 0.3352941171875
1 0.670212765625 0.5117647062499999 0.6914893609375 0.5147058828125 0.702127659375 0.5117647062499999 0.702127659375 0.49705882343749996 0.6914893609375 0.4911764703125 0.6808510640625001 0.4911764703125 0.670212765625 0.49411764687500004 0.670212765625 0.5117647062499999
1 0.65957446875 0.10588235312500001 0.670212765625 0.11176470624999998 0.6914893609375 0.11176470624999998 0.702127659375 0.1088235296875 0.702127659375 0.08529411718749999 0.6914893609375 0.08235294062500001 0.670212765625 0.08235294062500001 0.65957446875 0.08529411718749999 0.65957446875 0.10588235312500001
1 0.297872340625 0 0.28723404218750004 0.0029411765625 0.28723404218750004 0.0235294125 0.297872340625 0.026470587499999997 0.3191489359375 0.026470587499999997 0.329787234375 0.0235294125 0.34042553125 0.014705882812500001 0.34042553125 0 0.297872340625 0
1 0.702127659375 0.5470588234375 0.702127659375 0.5735294125 0.7127659578125 0.5794117640625001 0.734042553125 0.5794117640625001 0.7553191484374999 0.5735294125 0.765957446875 0.567647059375 0.765957446875 0.5470588234375 0.7446808515625001 0.5411764703124999 0.7127659578125 0.5411764703124999 0.702127659375 0.5470588234375
1 0.2765957453125 0.1352941171875 0.297872340625 0.1411764703125 0.3085106390625 0.1411764703125 0.329787234375 0.1352941171875 0.3510638296875 0.11176470624999998 0.3191489359375 0.1 0.297872340625 0.1 0.2765957453125 0.1088235296875 0.2765957453125 0.1352941171875
1 0.8297872343750001 0.4911764703125 0.8085106390625001 0.5029411765625 0.8085106390625001 0.5323529406249999 0.8191489359374999 0.53823529375 0.8510638296874999 0.53823529375 0.861702128125 0.5323529406249999 0.861702128125 0.5205882359375 0.872340425 0.5205882359375 0.872340425 0.5 0.861702128125 0.4911764703125 0.8297872343750001 0.4911764703125
1 0 0.3735294125 0.0106382984375 0.3794117640625 0.0212765953125 0.3794117640625 0.0531914890625 0.3705882359375 0.0638297875 0.3647058828125 0.0638297875 0.3264705875 0.0531914890625 0.3264705875 0.0531914890625 0.25588235312499996 0.0425531921875 0.25 0.03191489375 0.25 0 0.2588235296875 0 0.3735294125
1 0.7127659578125 0.5735294125 0.702127659375 0.5735294125 0.6808510640625001 0.5794117640625001 0.6808510640625001 0.6 0.702127659375 0.6029411765625 0.7127659578125 0.6 0.7234042546875 0.594117646875 0.7234042546875 0.582352940625 0.734042553125 0.582352940625 0.734042553125 0.5794117640625001 0.7127659578125 0.5735294125
1 0 0.6323529406249999 0.0106382984375 0.6323529406249999 0.03191489375 0.6264705875 0.03191489375 0.6205882359375 0.0106382984375 0.6088235296875 0 0.6088235296875 0 0.61484375 0 0.6323529406249999
1 0.03191489375 0.6470588234375 0.0334441484375 0.64936925625 0.029396606250000002 0.6505388328125 0.031478553124999996 0.65494715 0.03191489375 0.66176470625 0.074468084375 0.66176470625 0.0851063828125 0.6529411765625001 0.0851063828125 0.65 0.074468084375 0.65 0.0645646703125 0.6431217359375 0.0405751390625 0.643133040625 0.03191489375 0.6470588234375
1 0.90425531875 0.394117646875 0.8829787234375001 0.394117646875 0.872340425 0.40294117656250006 0.8829787234375001 0.41176470624999995 0.90425531875 0.41176470624999995 0.90425531875 0.394117646875
1 1 0.25 0.9893617015625 0.244117646875 0.96808510625 0.244117646875 0.9468085109375 0.25 0.9468085109375 0.26176470625000003 0.9574468078124999 0.267647059375 0.9787234046875 0.267647059375 1 0.26176470625000003 1 0.25