1 0 0.6152173796875 0.087002290625 0.6079879828125 0.271969490625 0.619428678125 0.41035065625 0.6047191796875 0.47927901093749997 0.601450378125 0.598596328125 0.5851065156249999 0.6936699296875 0.5851065156249999 0.7141107171875001 0.567128215625 0.7065048609375 0.5556875203125 0.655640471875 0.5589563234375 0.64185481875 0.5426123875 0.6565912359375 0.53444049375 0.72171661875 0.5426123875 0.829808296875 0.5349250140625 0.8315208640625 0.5360748578125001 0.8220134781249999 0.49848389375 0.7720998531250001 0.501752696875 0.628527184375 0.5050214984375 0.49206083593749994 0.501752696875 0.457358925 0.5131933906249999 0.45165451093750003 0.493580728125 0.428836853125 0.49848389375 0.38677911875 0.5223293250000001 0.3047658421875 0.5605906875 0.206794990625 0.5605906875 0.1136228765625 0.5720313828125 0 0.56876358125 0 0.603788259375 0 0.6152173796875
1 1 0.7005322875 0.9544649250000001 0.7017624031249999 0.9374703203125 0.7005322875 0.9210123859375001 0.6974570124999999 0.9065222593750001 0.702377446875 0.8961466234375 0.7029924921874999 0.8932843703125 0.7116032453125001 0.8993173625 0.7182520609374999 0.9339504296875001 0.7211279203125 0.9331769484375 0.7091430421875 0.9482037484375001 0.7116032453125001 0.96823946875 0.715293565625 1 0.715908609375 1 0.7005322875
1 0.8061647093750001 0.6870011265625 0.810747940625 0.6973382328125 0.8435528265625001 0.6962269234375 0.8644830109375 0.6968419671875 0.8662719046875 0.6925366046875 0.864304115625 0.6783903718750001 0.8456995125000001 0.6783903718750001 0.840690575 0.6753150953125 0.8338927421875001 0.6753150953125 0.8283471328124999 0.6753150953125 0.825663775 0.680850575 0.8181503765624999 0.6759301671875 0.8111736484375 0.674700053125 0.8063436062499999 0.674700053125 0.8059858312499999 0.682695734375 0.8061647093750001 0.6870011265625
1 0.8165051078125 0.7162330015625 0.8191884640625 0.7094674078125001 0.8179362265625001 0.6977814062500001 0.7551829390625 0.696416234375 0.7547878984375 0.7082373203125 0.7601546124999999 0.7100824796875 0.7812636921875 0.7076222484375 0.792176 0.7113125671875 0.8165051078125 0.7162330015625
1 0.607066978125 0.7036191890625 0.6031313828125 0.715305190625 0.60527806875 0.7208406703125 0.67808648125 0.7294514249999999 0.683989865625 0.7189955109375 0.6754031234375 0.7103847562500001 0.607066978125 0.7036191890625
1 0.473154759375 0.6664616265625 0.4730630546875 0.6623022890625 0.4725491078125 0.6604377640625 0.4710515953125 0.6598061203125 0.469861925 0.658021271875 0.46685530000000003 0.6575750609375001 0.465492584375 0.65705448125 0.463988909375 0.6597085500000001 0.4599768328125 0.6615166015625 0.4573699578125 0.6652440296875 0.45772727187499995 0.671928215625 0.458979971875 0.6750849 0.463988909375 0.6781601484374999 0.46953450312499995 0.6781601484374999 0.47233280625 0.67360101875 0.473154759375 0.6664616265625
1 0.4008621546875 0.70097378125 0.39691690625 0.698939125 0.391459315625 0.6987130546875 0.390407246875 0.7034605859374999 0.39173630312499996 0.7104384328125 0.3954703140625 0.7143120875 0.40027036718750003 0.71227743125 0.402769021875 0.71001670625 0.40263751562500005 0.704364875 0.4008621546875 0.70097378125
1 0 0.63844428125 0.048532679687500004 0.651704946875 0.0839193078125 0.6627653765625 0.1831398171875 0.6837341968749999 0.23822092343749998 0.69315333125 0.3369817734375 0.7049511109375 0.3378057125 0.691678596875 0.304778190625 0.6857797062500001 0.2756110375 0.6857797062500001 0.2419328359375 0.679512125 0.1846622453125 0.667345653125 0.052540975000000004 0.634533059375 0 0.6175737234375 0 0.63844428125
1 0.7568551234374999 0.4530229296875 0.7501748046875 0.45245581562500004 0.7434944859375 0.4530229296875 0.7397831984375001 0.45245581562500004 0.7345873953125001 0.4530229296875 0.732030728125 0.4606789203125 0.7341750328125001 0.46436513437500004 0.7373090062500001 0.46748424687499995 0.7552056640625 0.466066465625 0.7652673765625 0.46663358125 0.7767311359375 0.4629473671875 0.7881948875 0.4606789203125 0.79108145 0.4612460359375 0.793060803125 0.4575598078125 0.792483496875 0.44905315156250003 0.789844353125 0.4450833875 0.7849784375 0.44309849218749997 0.7806073671875 0.4467847171875 0.7716178 0.44905315156250003 0.765844690625 0.4499038171875 0.7596592109375 0.45103804687500004 0.7568551234374999 0.4530229296875
1 0.8217936546875 0.4706145140625 0.8289367859375 0.46823592812500003 0.8315679406250001 0.46421535625 0.8314575515625 0.45594607187499997 0.829401321875 0.450447475 0.8241465124999999 0.449661953125 0.8220902828125001 0.4583026171875 0.8217936546875 0.4706145140625
1 0.9381138109375 0.42477788437499997 0.9379995718749999 0.41849376562499996 0.9375426390625 0.41260240000000004 0.9364002859375 0.4086748296875 0.9190006531250001 0.41292078749999994 0.9201789109374999 0.4239923796875 0.9250910203125 0.4263489265625 0.9295461859374999 0.42674167812499997 0.9358291140624999 0.42870547343750004 0.9381138109375 0.42477788437499997