1 0.0624310140625 0.1475189671875 0.0399611765625 0.1714296171875 0.037025040625 0.216496321875 0.040094375 0.2717314546875 0.0556437328125 0.3135110890625 0.081638478125 0.309742728125 0.11818864062500001 0.2763395015625 0.14068936406250002 0.3039365875 0.1854051125 0.26137870625000004 0.1933622140625 0.225978659375 0.15341454999999998 0.1402484953125 0.12799313437499998 0.1625309640625 0.118968521875 0.15684770625 0.0873505265625 0.158434921875 0.0624310140625 0.1475189671875
1 0 0.388079540625 0.0099762984375 0.414539975 0.0289965140625 0.4147857390625 0.04070245 0.3783104796875 0.036028954687499996 0.327243071875 0 0.3329263296875 0 0.388079540625
1 0.2857298453125 0.017500340625 0.2717267359375 0.037796232812500004 0.267298403125 0.0989911046875 0.2674142265625 0.12998790625 0.268487528125 0.1340327484375 0.294441734375 0.16879791093750002 0.3035532140625 0.131646803125 0.3025783625 0.04849714375 0.2857298453125 0.017500340625
1 0.2923762078125 0.8180103937500001 0.306481628125 0.8706957390625 0.3607605703125 0.8530827562500001 0.37752415 0.7729334484375 0.384160859375 0.6835885234375 0.3582877296875 0.6008075046875 0.2980998390625 0.601493590625 0.264111315625 0.6585719421875 0.261997528125 0.7186506453125 0.2680087890625 0.75769616875 0.2923762078125 0.8180103937500001
1 0.1214915515625 0.7904235484375 0.10103898124999999 0.8277282546875 0.0995699484375 0.8833934734375 0.10670470000000001 0.9274054484375001 0.1497718890625 0.9448545875000001 0.180305 0.950189684375 0.1875266203125 0.8880015203125 0.18765595625 0.8250146265625 0.1826446421875 0.7504973765625 0.170195503125 0.67836606875 0.145982515625 0.7064034765625 0.127636009375 0.718732565625 0.1214915515625 0.7904235484375
1 0.5736661375 0.8007353374999999 0.5780886796875 0.7626728609375 0.6195845234374999 0.7458790859375 0.627169059375 0.7112777671875 0.6272848828125 0.6684638859375001 0.615538409375 0.6025995234375 0.59477504375 0.595574809375 0.5545165859375001 0.590977003125 0.519093775 0.5902192328125 0.501532940625 0.604606584375 0.4924079484375 0.70105814375 0.49678223125 0.7330482328125 0.5165012499999999 0.8147847593750001 0.5395116 0.8687705984375 0.5607923109375 0.8615922875 0.5736661375 0.8007353374999999
1 0.4358820234375 0.010793071875 0.4358820234375 0.0005427234375 0.3375262953125 0 0.35736306875 0.096769003125 0.391890175 0.1210278140625 0.4243131453125 0.06757445937499999 0.4358820234375 0.010793071875
1 0.41396041875 0.31869258125 0.5134068218750001 0.30053687500000004 0.5539509796875 0.2481075296875 0.5693574890625 0.14787737343750001 0.557954625 0.0769953578125 0.399793225 0.10223721875 0.38588084375 0.1425320359375 0.391301403125 0.21353693125 0.41396041875 0.31869258125
1 0.5135593234375 0.065188515625 0.522446878125 0 0.47046124999999994 0.0078644015625 0.47152682968750004 0.0444932609375 0.4854720265625 0.065188515625 0.5055481703125 0.065188515625 0.5135593234375 0.065188515625
1 0.6305298828125 0.0089293734375 0.6218006203125 0 0.5811580140625 0.002621465625 0.589088090625 0.06270016875 0.6094286984374999 0.06270016875 0.6300048140625 0.035277165625 0.6305298828125 0.0089293734375
1 0.855923196875 0 0.8893441843750001 0.08239189218750001 0.9282668062500001 0.083037021875 0.8819044281249999 0.19323080312500002 0.8952183859374999 0.2875319390625 0.90919833125 0.3707532796875 0.9457890328125 0.3811674703125 0.9614696593750001 0.390578125 0.968125671875 0.41833905312499997 0.97596888125 0.4257631296875 0.981679 0.424544559375 0.9807813640624999 0.3874344125 0.9913001046875 0.36829565625 1 0.3664933984375 1 0.0398954515625 0.9673921203125 0.04545583125 0.9637610406249999 0 0.855923196875 0
1 0.781714821875 0.41647535468749997 0.7902935125 0.5226447734375 0.8456322437500001 0.5248259171874999 0.887019984375 0.4976589140625 0.8945601203125 0.38972819687500004 0.9021253515625001 0.3357116375 0.8908093562499999 0.3275912328125 0.8582570484375 0.32527697187500004 0.8277548234375001 0.32768339375 0.8152265390625001 0.35454319375 0.7916930515625 0.3554852828125 0.781714821875 0.41647535468749997
1 0.9391716265625 0.671116071875 0.9586165296875 0.639873509375 0.9718436203125 0.5839830109374999 0.955275009375 0.5590278703125 0.9172017625000001 0.579344240625 0.9135668234375001 0.6277594625 0.9280293671875001 0.63710868125 0.9391716265625 0.671116071875
1 0.768315928125 0.7825693874999999 0.7749256109375 0.8020972687500001 0.83288003125 0.7978578640625 0.8586759453124999 0.780306321875 0.8707158406250001 0.7414758421875 0.8759742453125 0.702225515625 0.8732427312500001 0.6542915765624999 0.856589184375 0.63195790625 0.8241777953125 0.63327888125 0.8000806328125 0.6737170609375001 0.8041228874999999 0.7511834625 0.7969340828125 0.7562318343750001 0.768315928125 0.7825693874999999