1 0 0.8313973484374999 0.022832504687499998 0.8343366515625 0.0424832265625 0.8261366593749999 0.0442982734375 0.8048601 0.029093864062500002 0.77758803125 0.048243134375 0.7641273515625 0.06602021875 0.7476355156250001 0.066285934375 0.6984522640625 0.0490266546875 0.6903399515624999 0.044805178125 0.659711059375 0.02273575625 0.6437786921875001 0 0.6599396078125 0 0.8313973484374999
1 0.02621421875 0.83463383125 0.0084937296875 0.8348004078125 0.0024473609375 0.856005584375 0.0074227265625 0.8813002125 0.0233418984375 0.8798371156250001 0.031849218750000005 0.8566358 0.02621421875 0.83463383125
1 0.094224759375 0.5458930765625001 0.110681246875 0.5421867515625001 0.1342424203125 0.4930939078125 0.09329691875 0.4562721953125 0.0639874828125 0.45477578437500005 0.0606612109375 0.4732491078125 0.046618559375 0.4669386359375 0.0434970625 0.48376563125 0.0488964796875 0.5079580765625 0.0206643890625 0.5148737718749999 0.020876415625 0.5536555359374999 0.042943440625 0.5749495515625 0.05930025625 0.5730006078125001 0.06567916093750001 0.546448328125 0.094224759375 0.5458930765625001
1 0.20537174062500002 0.531484215625 0.20858293906249997 0.5082273765624999 0.205763171875 0.493793528125 0.18861080624999998 0.4854064078125 0.1756065375 0.4992627875 0.18045051875 0.523077659375 0.19443064999999998 0.5425448875 0.20537174062500002 0.531484215625
1 0.264196296875 0.5852550796875 0.28419289375 0.5626006875 0.2834743609375 0.5414649203125 0.2644934953125 0.5104206312499999 0.23799838750000002 0.5087743 0.217415546875 0.5021140203125001 0.2140992421875 0.5103012515625001 0.214354759375 0.5381833640625 0.2289437875 0.5546772046874999 0.24839582187499998 0.5852550796875 0.264196296875 0.5852550796875
1 0.29441726562500004 0.4913282 0.292771796875 0.47705260000000005 0.2666853375 0.47897378437500004 0.26767479375000003 0.4806451 0.270707490625 0.49841879999999994 0.278282440625 0.5054205640625 0.2905364625 0.5054205640625 0.29441726562500004 0.4913282
1 0.3729194734375 0.5915100234375 0.3722679921875 0.6095335875 0.3738473140625 0.622607059375 0.3824099078125 0.616454840625 0.3941229890625 0.622074015625 0.40157471093749997 0.6072764796875 0.3984767734375 0.5785031843749999 0.4017695203125 0.559349671875 0.3829834640625 0.5272448484375001 0.3680464984375 0.5209538125 0.363210671875 0.502574884375 0.3495005578125 0.49191676875 0.3352042 0.492669140625 0.3224518265625 0.506611584375 0.319641121875 0.5223835921875 0.3225315625 0.5588610484375 0.3347121890625 0.582706459375 0.36104873125000003 0.58441386875 0.3729194734375 0.5915100234375
1 0.1448184953125 0.6098985640625 0.1577903125 0.6279670562499999 0.17248846874999998 0.6316664359375 0.187736028125 0.6234537125 0.19878246718749998 0.6454408234375 0.21556966875 0.6462245484375 0.22537913125000003 0.628307259375 0.22924879687500002 0.604898859375 0.2366501015625 0.58345606875 0.2286212625 0.5601283078125 0.2171652375 0.5544381203125 0.20883702187500003 0.5730433765625 0.19238702968750002 0.5681545484375 0.18079694375 0.55104114375 0.165294425 0.542442859375 0.147016928125 0.5396532046875 0.1369944484375 0.55280263125 0.135771453125 0.5661435796875 0.11566974375000001 0.5490200921875 0.10571012500000002 0.557894371875 0.10043205468750001 0.5715792484375 0.0985362890625 0.598724828125 0.1094503125 0.622297028125 0.1319675828125 0.62595356875 0.1448184953125 0.6098985640625
1 0.101962553125 0.79441723125 0.1221738546875 0.79798336875 0.1635808171875 0.77570056875 0.190468175 0.782463671875 0.19482851406249999 0.796979240625 0.16800380937499998 0.8018337593749999 0.17595820625 0.8292110359375 0.17052314375 0.83835894375 0.1725509015625 0.8638903953125 0.2045383734375 0.87505394375 0.214755471875 0.852763759375 0.2282895140625 0.8541370562499999 0.27434236562500003 0.8864316078125001 0.302892409375 0.883083284375 0.3152758234375 0.8229056953124999 0.310303421875 0.790160759375 0.2317414 0.7785542125 0.23956085312500003 0.7397771234375 0.21752059531249998 0.7348709203125 0.21844953125000002 0.7103435953125 0.21075899531250003 0.697817828125 0.193177875 0.699183740625 0.187760884375 0.6783443765625 0.15150705 0.67729225625 0.1459924671875 0.6848749046875 0.12388112343749999 0.6862186640625 0.12388112343749999 0.6656451 0.1170436171875 0.666723059375 0.112832678125 0.6839003078125 0.11020731875 0.6656451 0.08278139531249999 0.6537136875 0.0613797046875 0.6662689875 0.072632971875 0.7411356484375 0.09212859531249999 0.77017416875 0.101962553125 0.79441723125
1 0.2745218875 0.6130058593750001 0.2641830984375 0.613463628125 0.2572672796875 0.6320030921875001 0.2600155359375 0.6596535515624999 0.274272484375 0.660170384375 0.28369679531249997 0.6476298484375 0.2801388828125 0.6296588953125 0.2745218875 0.6130058593750001
1 0.30772625468750003 0.6350007125 0.319442184375 0.64427044375 0.32821708125 0.6384524046875 0.33046291562499996 0.6151654765625 0.32818936875000004 0.5917899484375 0.3195445953125 0.5831034953125 0.30633345312500004 0.5863078484375001 0.30257433125 0.6050282078125 0.30772625468750003 0.6350007125
1 0.312031171875 0.7504607562500001 0.3237025203125 0.760849059375 0.3484283828125 0.7622740359375 0.35385621718750004 0.7440778953125 0.353597175 0.7198274437500001 0.3421499265625 0.7132157 0.3301882109375 0.7098267640625 0.324383259375 0.6957357359375 0.3199361703125 0.683302259375 0.30556596406250003 0.6789387312499999 0.298327246875 0.6844577484375 0.298570625 0.6851702359375 0.293889796875 0.7072499953125 0.2961308125 0.72198336875 0.30732263125000003 0.7306808953124999 0.312031171875 0.7504607562500001
1 0.359255296875 0.8529397921875 0.37356300781249996 0.8606440640624999 0.3902924609375 0.85745704375 0.4020178875 0.8268374156249999 0.4141084984375 0.8524167078125 0.4278531734375 0.8521326437500001 0.43805455625 0.8472828359375001 0.4412598 0.83185696875 0.44560355625000003 0.8053285000000001 0.440895746875 0.7914615046875 0.43330265468749996 0.7781730234374999 0.4259865578125 0.776236559375 0.41959641875000003 0.77782314375 0.40922205624999997 0.7859154 0.3965627546875 0.7843877078125 0.391083878125 0.77561994375 0.3838548375 0.7765033 0.3829639265625 0.790082771875 0.3798050375 0.77785085625 0.3704018578125 0.7737319796875 0.36092292656249997 0.7759698234375 0.3476904140625 0.7774594078125 0.3316901953125 0.8068007640625 0.3359005421875 0.8335336203124999 0.359255296875 0.8529397921875
1 0.49098009062500003 0.6972054203125 0.49735892187499997 0.6853268484374999 0.49407453593749995 0.6657994281249999 0.4029868109375 0.6446854281250001 0.3969109796875 0.662799471875 0.40445093437499996 0.68374373125 0.44080642968749995 0.6910115203125 0.449180765625 0.7045771359375 0.45847993125000003 0.6988855359375 0.49098009062500003 0.6972054203125
1 0.46612955468750006 0.5198304953124999 0.4506822 0.5177346875 0.43577300937499996 0.54447793125 0.44100428437500006 0.5639326046875001 0.4494148 0.5803457515625 0.458751275 0.5835293078125 0.46997132500000005 0.5843052765625 0.48222813281250004 0.561403771875 0.48253452656249995 0.547117615625 0.46612955468750006 0.5198304953124999
1 0.5092301953125 0.6060497515625001 0.5006353921875 0.605211428125 0.493961475 0.624842771875 0.4934832328125 0.6260967921875 0.49347871093749995 0.64666345625 0.514956671875 0.6525767640625 0.5164603671875 0.6182401 0.5092301953125 0.6060497515625001
1 0.543020365625 0.53589723125 0.5447128703125 0.5578114484375 0.5628713984375 0.5586289875 0.561832378125 0.5357794484375 0.55110526875 0.5275659484374999 0.543020365625 0.53589723125
1 0.6682826625 0.569741984375 0.66318366875 0.5929136921875 0.6717739484374999 0.608360340625 0.6841483390625 0.607826859375 0.6893355203125 0.58795995625 0.6832065515625 0.5699151921875 0.6682826625 0.569741984375
1 0.7316696171875 0.7172386078125 0.7385900046875 0.7440927046875 0.7550594203125 0.748710415625 0.764225175 0.7555625078125 0.7716905109375001 0.730828471875 0.768540665625 0.7137536718749999 0.7531351421875 0.7015979640625 0.764478428125 0.66378675625 0.7590798249999999 0.644931384375 0.7619617187500001 0.6330874515625 0.7369936 0.62386934375 0.731206071875 0.63651003125 0.719020490625 0.6401681765625 0.7172149265625001 0.655361940625 0.72400981875 0.6815647796875 0.732479125 0.6813326796875 0.73764369375 0.7031672234374999 0.7316696171875 0.7172386078125
1 0.6342663749999999 0.8063434953125 0.645513559375 0.8027962078125 0.64931915 0.77955175625 0.64931915 0.7605682078125 0.641255728125 0.7601317234375 0.6482066421875 0.73924635625 0.647511325 0.7131301234375 0.6406158109375 0.701126840625 0.6339249328125 0.7153956765625 0.6339249328125 0.7423640921875 0.6222888234374999 0.7696477484375001 0.621934946875 0.7918945234375 0.6342663749999999 0.8063434953125
1 0.5647120109375 0.8083561687499999 0.5661229953125 0.8275822078124999 0.574235034375 0.8256318921875 0.5782984015625 0.8111586687499999 0.57613556875 0.7961173234375 0.5699014546875001 0.7923136875 0.5647120109375 0.8083561687499999
1 0.604346240625 1 0.604246746875 0.9885439843749999 0.6155730734375 0.9835521406250001 0.612933128125 0.9506531 0.6009465328125 0.9398449484375 0.584340315625 0.9417155921875 0.6040330640625 0.9159561640625 0.579130521875 0.887896540625 0.549443290625 0.8826829921874999 0.5180477265625 0.8782488796875001 0.4944725046875 0.8794024437499999 0.4924792625 0.8669418921875 0.485996415625 0.8669418921875 0.484253034375 0.8744383125 0.472306009375 0.871860984375 0.4663036671875 0.8554235875 0.45868909062499996 0.8517931593749999 0.45772921406249995 0.8674372640625 0.4295965546875 0.8681508796875 0.4295965546875 0.8930408046875 0.4501010734375 0.9075452046875 0.461507671875 0.927051840625 0.47015109062500005 0.9477328203125 0.48619087812500006 0.9478748515625 0.4928806234375 0.9314166687500001 0.522451403125 0.9349258562499999 0.5469390171875 0.947417584375 0.5702372421875 0.9523713203125 0.5828332281249999 1 0.604346240625 1
1 0.49716445781249996 1 0.49754773124999996 0.9937921718749999 0.500272471875 0.9675928 0.497185940625 0.9538262640624999 0.46917764687499997 0.9506011359375 0.459169596875 0.9565109796875 0.457070075 0.97715385625 0.4686858359375 1 0.49716445781249996 1
1 0.63962766875 0.9638792281249999 0.6304359093749999 0.9621679359374999 0.6217687484375001 0.97041954375 0.6199654453125001 0.9879204359375 0.634441615625 0.9968960515624999 0.6498754046874999 0.9878476875000001 0.65019875625 0.9719125953125 0.63962766875 0.9638792281249999
1 0.670586821875 0.906488640625 0.678157303125 0.9330240359375 0.6937165859375 0.9591368046875001 0.7137496453125001 0.9746839156249999 0.731347396875 0.95197986875 0.7397138187500001 0.9519590843750001 0.749564715625 0.9916236125 0.7576971046875001 1 0.7642545703125 0.9896594406249999 0.76210304375 0.96639766875 0.767285703125 0.94647186875 0.7609871421875 0.9330656046874999 0.7502182015625001 0.92481053125 0.741300046875 0.9231408125 0.7341851968750001 0.894831771875 0.7243003828125001 0.8887764359375 0.70430689375 0.8877752953125 0.7086076875 0.8620609046875 0.70609436875 0.8467147125000001 0.7006143625 0.8355047203125 0.6912134437499999 0.831441271875 0.6802624749999999 0.8287738765625001 0.6741188078125 0.833488584375 0.665116990625 0.8637652640625 0.675602153125 0.8789936718750001 0.6926798296875 0.8812349796875001 0.6967884203125 0.900277415625 0.670586821875 0.906488640625
1 0.757984275 0.82070586875 0.7463741703125 0.8217762921875 0.7390105874999999 0.8408602999999999 0.7487258125 0.854512515625 0.7692868609375 0.8523647437499999 0.7675039078125 0.8389273046874999 0.757984275 0.82070586875
1 0.862465059375 0.6848072234375 0.8550472093750001 0.6774770796875 0.8464060515625 0.6774770796875 0.8408717765624999 0.6905958203125 0.8390662109375 0.7094581234375 0.849895075 0.7140481234375 0.8603836296875 0.7140481234375 0.8636273140625 0.7033923953125 0.862465059375 0.6848072234375
1 0.8764019359375 0.6796387125 0.90115636875 0.6945795953125 0.9055204765625 0.7150631203125 0.8955700875 0.7331910203125 0.89528630625 0.74997136875 0.90734413125 0.7697586000000001 0.9377685124999999 0.7744767718750001 0.94687660625 0.74899794375 0.9562402140625 0.7266818796875001 0.970198571875 0.71527443125 0.9714377078125 0.6746364765624999 0.962813509375 0.6419071796875 0.9430382265624999 0.6161096484375 0.920248771875 0.613778271875 0.9020427578125 0.6056098046875 0.8737981703125 0.603926228125 0.869896478125 0.6177966875 0.8682469359375 0.65061605625 0.8764019359375 0.6796387125
1 0.8865366124999999 0.7603430359375001 0.890343334375 0.7529851796875 0.888608996875 0.7356193921874999 0.8795868296875 0.73428915625 0.876597528125 0.74659035625 0.8780820046875 0.7603430359375001 0.8865366124999999 0.7603430359375001
1 1 0.920459559375 0.9849393046875001 0.9115081921874999 0.9747198312500001 0.8956527765625 0.9575562296875001 0.889275271875 0.9418522296875 0.8821391203125 0.9319414109374999 0.8904219078125 0.9276643609375 0.8980742156250001 0.8929968468749999 0.8915893234375 0.913823584375 0.852052971875 0.890538928125 0.834119059375 0.8826790125 0.8137533156250001 0.8781645375 0.8018297078125001 0.8740796874999999 0.8040363718749999 0.8672768828124999 0.82125666875 0.8430097359375001 0.8262104046875001 0.8442217359375 0.8453533046875 0.853225815625 0.87093605625 0.830010125 0.8653864875 0.8243842718750001 0.8528046921874999 0.8020730593750001 0.8480588046875001 0.7830744968750001 0.8895801156250001 0.783205646875 0.8912567687499999 0.789302959375 0.9176432046875 0.794891503125 0.9333288796874999 0.8029210078125001 0.9584509046875 0.8126226640624999 0.95567265625 0.82422711875 0.9642845359375001 0.832399078125 0.9756538765625 0.8290672062500001 0.9902310234374999 0.826766440625 1 0.9536635828125 1 0.9719894390625001 0.986264571875 0.976901884375 0.9964907437500001 0.9871202265625 0.9988532953125 0.990831978125 0.9802404125 1 0.9717220687499999 1 0.920459559375
1 0.918525771875 0.5990872 0.9202365828125 0.5871930921875 0.91938821875 0.5758274921875 0.91527575625 0.5706260078125001 0.90350688125 0.5748891203125 0.900184703125 0.5879454078124999 0.9040885921875 0.5954065281250001 0.911444909375 0.5997747999999999 0.918525771875 0.5990872
1 0.6025860640625 0.47765689218749996 0.6282079031250001 0.47824884375 0.6254696390625 0.46782885937499996 0.6191885640625 0.46412848437500004 0.6074159640625 0.459571259375 0.5875053140625 0.45837384062500003 0.5728568265625 0.46496910781249995 0.5724951359375 0.47745416875 0.5886106765625 0.478638071875 0.5923369765625 0.4961885125 0.5991932265625 0.495304640625 0.6025860640625 0.47765689218749996
1 0.8744780562500001 0.5224564234375 0.86695849375 0.5239319796874999 0.8639722296875 0.5389286765625 0.866783015625 0.5413156125 0.8830079906250001 0.5545715312499999 0.89171025625 0.5400305234375 0.887717553125 0.5276739234375001 0.8744780562500001 0.5224564234375