1 0.26137870625000004 0.8145948875 0.225978659375 0.8066377859375 0.1402484953125 0.8465854500000001 0.1625309640625 0.872006865625 0.15684770625 0.8810314781249999 0.158434921875 0.9126494734374999 0.1475189671875 0.9375689859375 0.1714296171875 0.9600388234375 0.216496321875 0.9629749593750001 0.2717314546875 0.959905625 0.3135110890625 0.9443562671875 0.309742728125 0.9183615218750001 0.2763395015625 0.8818113593750001 0.3039365875 0.8593106359375 0.26137870625000004 0.8145948875
1 0.388079540625 1 0.414539975 0.9900237015625001 0.4147857390625 0.9710034859375 0.3783104796875 0.9592975499999999 0.327243071875 0.9639710453125 0.3329263296875 1 0.388079540625 1
1 0.017500340625 0.7142701546875 0.037796232812500004 0.7282732640625 0.0989911046875 0.7327015968749999 0.12998790625 0.7325857734375 0.1340327484375 0.731512471875 0.16879791093750002 0.705558265625 0.131646803125 0.6964467859375 0.04849714375 0.6974216375 0.017500340625 0.7142701546875
1 0.7186506453125 0.738002471875 0.75769616875 0.7319912109375 0.8180103937500001 0.7076237921875 0.8706957390625 0.693518371875 0.8530827562500001 0.6392394296874999 0.7729334484375 0.62247585 0.6835885234375 0.615839140625 0.6008075046875 0.6417122703125 0.601493590625 0.7019001609375 0.6585719421875 0.735888684375 0.7186506453125 0.738002471875
1 0.7504973765625 0.8173553578125 0.67836606875 0.829804496875 0.7064034765625 0.854017484375 0.718732565625 0.872363990625 0.7904235484375 0.8785084484375 0.8277282546875 0.89896101875 0.8833934734375 0.9004300515624999 0.9274054484375001 0.8932952999999999 0.9448545875000001 0.8502281109375 0.950189684375 0.819695 0.8880015203125 0.8124733796875001 0.8250146265625 0.8123440437499999 0.7504973765625 0.8173553578125
1 0.5902192328125 0.480906225 0.604606584375 0.49846705937499997 0.70105814375 0.5075920515625 0.7330482328125 0.50321776875 0.8147847593750001 0.48349875000000003 0.8687705984375 0.4604884 0.8615922875 0.43920768906249996 0.8007353374999999 0.42633386250000005 0.7626728609375 0.42191132031249995 0.7458790859375 0.38041547656249997 0.7112777671875 0.372830940625 0.6684638859375001 0.3727151171875 0.6025995234375 0.384461590625 0.595574809375 0.40522495625 0.590977003125 0.44548341406249997 0.5902192328125 0.480906225
1 0 0.6624737046875 0.096769003125 0.64263693125 0.1210278140625 0.608109825 0.06757445937499999 0.5756868546875 0.010793071875 0.5641179765625 0.0005427234375 0.5641179765625 0 0.6624737046875
1 0.31869258125 0.58603958125 0.30053687500000004 0.48659317812499997 0.2481075296875 0.44604902031250004 0.14787737343750001 0.43064251093749994 0.0769953578125 0.442045375 0.10223721875 0.600206775 0.1425320359375 0.61411915625 0.21353693125 0.6086985968749999 0.31869258125 0.58603958125
1 0.0078644015625 0.5295387500000001 0.0444932609375 0.5284731703125 0.065188515625 0.5145279734375 0.065188515625 0.49445182968749996 0.065188515625 0.48644067656249995 0 0.47755312187500004 0.0078644015625 0.5295387500000001
1 0.002621465625 0.4188419859375 0.06270016875 0.41091190937500005 0.06270016875 0.3905713015625 0.035277165625 0.3699951859375 0.0089293734375 0.3694701171875 0 0.3781993796875 0.002621465625 0.4188419859375
1 0.0398954515625 0 0.04545583125 0.0326078796875 0 0.036238959375000004 0 0.14407680312499999 0.08239189218750001 0.110655815625 0.083037021875 0.07173319375000001 0.19323080312500002 0.118095571875 0.2875319390625 0.1047816140625 0.3707532796875 0.09080166875 0.3811674703125 0.0542109671875 0.390578125 0.038530340625 0.41833905312499997 0.031874328125000004 0.4257631296875 0.02403111875 0.424544559375 0.018321 0.3874344125 0.0192186359375 0.36829565625 0.0086998953125 0.3664933984375 0 0.0398954515625 0
1 0.32768339375 0.1722451765625 0.35454319375 0.1847734609375 0.3554852828125 0.20830694843750003 0.41647535468749997 0.218285178125 0.5226447734375 0.2097064875 0.5248259171874999 0.15436775625000002 0.4976589140625 0.112980015625 0.38972819687500004 0.10543987968749999 0.3357116375 0.0978746484375 0.3275912328125 0.10919064375000001 0.32527697187500004 0.1417429515625 0.32768339375 0.1722451765625
1 0.639873509375 0.0413834703125 0.5839830109374999 0.0281563796875 0.5590278703125 0.044724990625 0.579344240625 0.08279823750000001 0.6277594625 0.0864331765625 0.63710868125 0.0719706328125 0.671116071875 0.060828373437500007 0.639873509375 0.0413834703125
1 0.63327888125 0.1758222046875 0.6737170609375001 0.1999193671875 0.7511834625 0.1958771125 0.7562318343750001 0.2030659171875 0.7825693874999999 0.231684071875 0.8020972687500001 0.2250743890625 0.7978578640625 0.16711996875 0.780306321875 0.1413240546875 0.7414758421875 0.12928415937499999 0.702225515625 0.12402575468749999 0.6542915765624999 0.12675726874999999 0.63195790625 0.143410815625 0.63327888125 0.1758222046875