1 1 0.56876358125 0.8863771234375 0.5720313828125 0.793205009375 0.5605906875 0.6952341578125 0.5605906875 0.61322088125 0.5223293250000001 0.571163146875 0.49848389375 0.5483454890624999 0.493580728125 0.5426410749999999 0.5131933906249999 0.5079391640625001 0.501752696875 0.371472815625 0.5050214984375 0.22790014687500001 0.501752696875 0.177986521875 0.49848389375 0.1684791359375 0.5360748578125001 0.170191703125 0.5349250140625 0.27828338124999996 0.5426123875 0.3434087640625 0.53444049375 0.35814518125 0.5426123875 0.344359528125 0.5589563234375 0.2934951390625 0.5556875203125 0.28588928281250003 0.567128215625 0.3063300703125 0.5851065156249999 0.401403671875 0.5851065156249999 0.5207209890625 0.601450378125 0.58964934375 0.6047191796875 0.728030509375 0.619428678125 0.912997709375 0.6079879828125 1 0.6152173796875 1 0.603788259375 1 0.56876358125
1 0 0.715908609375 0.03176053125 0.715293565625 0.05179625156249999 0.7116032453125001 0.0668230515625 0.7091430421875 0.0660495703125 0.7211279203125 0.10068263749999999 0.7182520609374999 0.1067156296875 0.7116032453125001 0.1038533765625 0.7029924921874999 0.093477740625 0.702377446875 0.0789876140625 0.6974570124999999 0.06252967968749999 0.7005322875 0.045535075 0.7017624031249999 0 0.7005322875 0 0.715908609375
1 0.1818496234375 0.6759301671875 0.17433622499999998 0.680850575 0.1716528671875 0.6753150953125 0.1661072578125 0.6753150953125 0.159309425 0.6753150953125 0.1543004875 0.6783903718750001 0.135695884375 0.6783903718750001 0.13372809531250002 0.6925366046875 0.1355169890625 0.6968419671875 0.1564471734375 0.6962269234375 0.189252059375 0.6973382328125 0.193835290625 0.6870011265625 0.19401416875 0.682695734375 0.19365639375000002 0.674700053125 0.1888263515625 0.674700053125 0.1818496234375 0.6759301671875
1 0.2398453875 0.7100824796875 0.2452121015625 0.7082373203125 0.2448170609375 0.696416234375 0.1820637734375 0.6977814062500001 0.1808115359375 0.7094674078125001 0.18349489218749998 0.7162330015625 0.207824 0.7113125671875 0.21873630781250003 0.7076222484375 0.2398453875 0.7100824796875
1 0.32459687656249997 0.7103847562500001 0.31601013437500003 0.7189955109375 0.32191351875 0.7294514249999999 0.39472193125 0.7208406703125 0.3968686171875 0.715305190625 0.392933021875 0.7036191890625 0.32459687656249997 0.7103847562500001
1 0.5410200281249999 0.6750849 0.542272728125 0.671928215625 0.5426300421875 0.6652440296875 0.5400231671875 0.6615166015625 0.536011090625 0.6597085500000001 0.534507415625 0.65705448125 0.5331447 0.6575750609375001 0.530138075 0.658021271875 0.5289484046874999 0.6598061203125 0.5274508921875001 0.6604377640625 0.5269369453125 0.6623022890625 0.5268452406249999 0.6664616265625 0.5276671937499999 0.67360101875 0.530465496875 0.6781601484374999 0.536011090625 0.6781601484374999 0.5410200281249999 0.6750849
1 0.597362484375 0.704364875 0.597230978125 0.71001670625 0.5997296328124999 0.71227743125 0.6045296859375 0.7143120875 0.608263696875 0.7104384328125 0.609592753125 0.7034605859374999 0.6085406843750001 0.6987130546875 0.60308309375 0.698939125 0.5991378453125 0.70097378125 0.597362484375 0.704364875
1 1 0.6175737234375 0.947459025 0.634533059375 0.8153377546874999 0.667345653125 0.7580671640625 0.679512125 0.7243889625000001 0.6857797062500001 0.695221809375 0.6857797062500001 0.6621942875 0.691678596875 0.6630182265625 0.7049511109375 0.7617790765625 0.69315333125 0.8168601828125001 0.6837341968749999 0.9160806921875 0.6627653765625 0.9514673203124999 0.651704946875 1 0.63844428125 1 0.6175737234375
1 0.2565055140625 0.4530229296875 0.2498251953125 0.45245581562500004 0.2431448765625 0.4530229296875 0.2403407890625 0.45103804687500004 0.234155309375 0.4499038171875 0.22838219999999998 0.44905315156250003 0.2193926328125 0.4467847171875 0.21502156249999999 0.44309849218749997 0.21015564687500002 0.4450833875 0.207516503125 0.44905315156250003 0.206939196875 0.4575598078125 0.20891855 0.4612460359375 0.2118051125 0.4606789203125 0.22326886406250002 0.4629473671875 0.2347326234375 0.46663358125 0.2447943359375 0.466066465625 0.26269099375 0.46748424687499995 0.26582496718750004 0.46436513437500004 0.267969271875 0.4606789203125 0.2654126046875 0.4530229296875 0.26021680156250004 0.45245581562500004 0.2565055140625 0.4530229296875
1 0.168432059375 0.46421535625 0.1710632140625 0.46823592812500003 0.1782063453125 0.4706145140625 0.17790971718749998 0.4583026171875 0.17585348750000002 0.449661953125 0.17059867812500001 0.450447475 0.1685424484375 0.45594607187499997 0.168432059375 0.46421535625
1 0.0641708859375 0.42870547343750004 0.0704538140625 0.42674167812499997 0.0749089796875 0.4263489265625 0.07982108906249999 0.4239923796875 0.080999346875 0.41292078749999994 0.0635997140625 0.4086748296875 0.0624573609375 0.41260240000000004 0.06200042812499999 0.41849376562499996 0.0618861890625 0.42477788437499997 0.0641708859375 0.42870547343750004