1 0.0303114515625 0.16347704375 0.0192415515625 0.17378854999999999 0.006244870312499999 0.2293524046875 0.018613428125 0.24731008281250003 0.040939040625 0.266317234375 0.0698447890625 0.266317234375 0.08640419687499999 0.233841825 0.0814196109375 0.1691658625 0.038331625 0.1484179140625 0.0303114515625 0.16347704375
1 0.1613022421875 0.196243975 0.1431957546875 0.20588081875 0.1266747203125 0.2259874203125 0.12117713593749999 0.2591208375 0.13772644375 0.2987343421875 0.1641823140625 0.283833465625 0.17664175937499998 0.24378684687500002 0.1613022421875 0.196243975
1 0.31511750625 0.2005918 0.3150952890625 0.1455610109375 0.2895038453125 0.09873445 0.2673600046875 0.1354993796875 0.2198529453125 0.1378065609375 0.2035783140625 0.1816512796875 0.194954253125 0.24397008593749997 0.1968931515625 0.275679215625 0.2390036109375 0.2756625578125 0.264279984375 0.2596372453125 0.302841853125 0.2354243640625 0.31511750625 0.2005918
1 0.371093834375 0.4820795875 0.381097340625 0.5007452453125001 0.41603185312499996 0.5194608781250001 0.46446998749999996 0.5207768875000001 0.514063384375 0.488734590625 0.5274438046875 0.44384039687500004 0.46356516875000003 0.3867106578125 0.48270371562500003 0.3488629359375 0.48646841093750004 0.3001373234375 0.48177667968750004 0.22893129843749999 0.42320779843749995 0.2323795734375 0.39230255937499997 0.259066215625 0.38630409062500004 0.34196638749999997 0.40304930937499994 0.3750165125 0.3867241859375 0.3873769921875 0.3521067640625 0.34428189531250003 0.31422552812500004 0.343282396875 0.2972844 0.37820658281249997 0.3095640921875 0.41773679531249996 0.3037595140625 0.41773679531249996 0.2998958546875 0.4542268625 0.324356275 0.47709875 0.371093834375 0.4820795875
1 0.523473584375 0.23862951406250002 0.5242197843749999 0.3148050296875 0.5497713921875 0.3644090671875 0.5725362281249999 0.365403278125 0.5718129875 0.36482332031250003 0.5982686453125 0.32267586718749997 0.6247745265625 0.2534835046875 0.6141009984375 0.21190417187500002 0.574939853125 0.16270847187499998 0.5487611515624999 0.175793 0.523473584375 0.23862951406250002
1 0.6064717796875 0.520347253125 0.61488683125 0.49881072499999995 0.60932035625 0.46037422968749997 0.596367503125 0.4435629859375 0.574859359375 0.4546105640625 0.570484903125 0.49531440625 0.5650004984375 0.5145474390625 0.5774426 0.5251842640625 0.5955730875 0.5350620187499999 0.6064717796875 0.520347253125
1 0.6733356265625 0.6071308578125 0.7233414812500001 0.6015643500000001 0.7400464859375 0.5810727734375 0.7284043765625 0.5173536953125 0.701163225 0.482472665625 0.669791440625 0.4922847015625 0.6541637140625001 0.5210537468750001 0.6505956234375 0.5856896218750001 0.6733356265625 0.6071308578125
1 0.7152284171875001 0.2388345171875 0.6829315421875 0.23582453124999997 0.6742160953125 0.2390973984375 0.6548856187500001 0.3080215234375 0.672323684375 0.347719846875 0.6938023453125 0.36546431562500004 0.7019018640625 0.3682442828125 0.72577890625 0.347953153125 0.7348784125 0.30171894843749997 0.731945375 0.276298353125 0.7370512984375 0.246159040625 0.7320091203125 0.233360021875 0.7152284171875001 0.2388345171875
1 0.7917869843750001 0.23865707343749998 0.789410115625 0.2513147953125 0.8006107968749999 0.26622343593750003 0.8113302078125001 0.265937553125 0.8168034562500001 0.2492906125 0.8093668812500001 0.2301298703125 0.7993040375 0.22574304375 0.7917869843750001 0.23865707343749998
1 0.8214065953125 0.45328301406250004 0.8246814625000001 0.4531252859375 0.8275236640625 0.4575121125 0.8295363921875 0.46057467656249995 0.8341745906250001 0.4723714640625 0.8388311156249999 0.47843415624999996 0.8407681484375 0.47323239843750003 0.8443657203124999 0.47078103281250006 0.8480581125000001 0.4694567703125 0.8512883578125001 0.4661839 0.8546907125000001 0.4657205734375 0.8567886984375 0.46610832343749997 0.8601073890625001 0.4656449953125 0.8646420031250001 0.46495821875 0.8699415500000001 0.46015735312499995 0.8746156046875001 0.4566938953125 0.8802450281249999 0.4525863796875 0.88183704375 0.44891590312499996 0.8856250515624999 0.43907757968750005 0.8890895578125001 0.4285327625 0.892065621875 0.4198051125 0.89387436875 0.4129767796875 0.892488725 0.406247025 0.8894473234375001 0.39451595625 0.886980415625 0.38201925000000003 0.8833971875 0.366952878125 0.878945440625 0.358731275 0.8735502765625001 0.35217239375 0.8678834046875 0.3443221078125 0.860477903125 0.34059576874999997 0.8548907109374999 0.340480759375 0.8479577140625001 0.338259415625 0.843952975 0.338259415625 0.8387235484375 0.33777308281249996 0.8342224 0.3389330453125 0.8313825874999999 0.3406549171875 0.8258200953125 0.3453867765625 0.8215866734375 0.3453604875 0.817686315625 0.345997975 0.8133668390625 0.361967996875 0.81140510625 0.36601636718749997 0.808660115625 0.3741163875 0.8063836453125001 0.3806226921875 0.8029486203125 0.3851836796875 0.8012920640625 0.39294195625 0.8000171765624999 0.4052579328125 0.8028737218750001 0.41302935312500005 0.8051557687500001 0.42120495468749997 0.8073828375 0.4251580265625 0.8145891375 0.448511721875 0.8214065953125 0.45328301406250004
1 0.8928329453125 0.4639691265625 0.88353264375 0.44426619375 0.8650874171874999 0.463617525 0.8514206265625001 0.5087279109375 0.8666905874999999 0.54146974375 0.8939572359374999 0.5402802078125 0.914620765625 0.528726584375 0.9161817062500001 0.512628409375 0.912789709375 0.483290884375 0.8928329453125 0.4639691265625
1 0.9203242921875001 0.36607880000000004 0.90724554375 0.36727819375 0.9032328359375 0.3969574640625 0.9076296046874999 0.422989259375 0.9081276062500001 0.42712963593750003 0.9255895765625001 0.45226435 0.9468156499999999 0.4528426875 0.95995495625 0.42243721093750003 0.9573788875 0.38732944687500004 0.9405894203124999 0.3537365359375 0.9203242921875001 0.36607880000000004
1 1 0.4886923125 0.9911410640625 0.468868375 0.95808830625 0.46767547187499997 0.9365726921874999 0.4777667796875 0.9193754468750001 0.5264500828124999 0.9290099296875001 0.54716466875 1 0.523943378125 1 0.4886923125
1 0.89208355625 0 0.8525952515625 0.0068750484375000006 0.8478839328125 0.030164657812500002 0.8535336796875 0.059963695312499996 0.8818914796874999 0.090687003125 0.9629894390624999 0.09619801875 0.9714856328125 0.0388290640625 0.9596396203124999 0 0.89208355625 0
1 0.36989954062499997 0 0.35744379843749996 0.02362266875 0.3714367953125 0.0491958375 0.4425700265625 0.0513048359375 0.45752304062500004 0.011113914062499999 0.45526768593750006 0 0.36989954062499997 0
1 0.511209046875 0 0.486041865625 0.0010172484375 0.4804961125 0.0295581671875 0.46848593125000004 0.073922884375 0.5588639328125 0.0882059734375 0.5553163046875 0.0414102296875 0.5246125578124999 0.016020175 0.511209046875 0
1 0.6012808234375 0 0.6019591140625 0.031193587499999998 0.613171578125 0.051532151562499996 0.63927121875 0.051532151562499996 0.649742615625 0.033731962500000004 0.6498436703125 0.00303784375 0.6273345296875 0 0.6012808234375 0
1 0.5507521296875 0.5760409171875 0.54866695 0.5619463984374999 0.5407226828125 0.5721262265625 0.5402780734375 0.58337518125 0.5449642875 0.5875918375 0.5495739796875 0.5848904562499999 0.5507521296875 0.5760409171875