1 0.4456130671875 0.6478778890625 0.44373869531250004 0.6382120171875 0.441239540625 0.6328420953125 0.4388965734375 0.6247872015625 0.4338982359375 0.625861171875 0.42733792968750006 0.63069410625 0.424838775 0.6360640531249999 0.4234329953125 0.646266909375 0.42296440156250004 0.6672096328125 0.4268693359375 0.6688206109375 0.4367097953125 0.6741905312500001 0.44870294062499994 0.67403810625 0.45154859218750004 0.6688206109375 0.45186098281250003 0.6645246593749999 0.450923796875 0.6548587875 0.44858082968749996 0.6500258515625 0.4456130671875 0.6478778890625
1 0.44295771093749997 0.5496081890625 0.439833759375 0.5533671296875 0.4363974046875 0.5603480546874999 0.4338982359375 0.5662549593749999 0.4362412015625 0.5705509125 0.4421767265625 0.5710878968750001 0.44733125312500005 0.5705509125 0.454796346875 0.5750253421875 0.4556097296875 0.5678659390624999 0.45467254375 0.5624960171875 0.4520171859375 0.5560521031250001 0.4495180171875 0.5496081890625 0.44295771093749997 0.5496081890625
1 0.344061071875 0.6476251171875 0.3393751390625 0.6546060406249999 0.33859415625 0.6615869390625 0.3454668515625 0.6637349046875001 0.354958221875 0.66679326875 0.35718168437500003 0.66534588125 0.3570254828125 0.6589019671874999 0.354213921875 0.6503100890625 0.3489032078125 0.6476251171875 0.344061071875 0.6476251171875
1 0.3994495265625 0.477243059375 0.4060098328125 0.47992803281249996 0.41097069218750004 0.47923250624999997 0.410070984375 0.46865118125 0.40569744218750003 0.46542922343750004 0.3994495265625 0.46542922343750004 0.3963255765625 0.4734841171875 0.3994495265625 0.477243059375
1 0.38757850625 0.47563207968750004 0.388237596875 0.47601257812500003 0.38757850625 0.483686975 0.38867188124999996 0.48690893125 0.390390065625 0.485297953125 0.39117104999999996 0.47992803281249996 0.390390065625 0.476169065625 0.38757850625 0.47563207968750004
1 0.2753158203125 0.5209770296875 0.272972853125 0.52527295625 0.272035665625 0.532790865625 0.27640919375 0.534938828125 0.28281331249999997 0.53440184375 0.28816511093749997 0.536386215625 0.2910917890625 0.5338648578125 0.289686009375 0.5290319234374999 0.287186840625 0.5220509984375 0.2807827359375 0.5204400203125 0.2753158203125 0.5209770296875
1 0.1175079890625 0.37090933125 0.11500883437500001 0.377353246875 0.1164146140625 0.3843341453125 0.1192261734375 0.3859451234375 0.1253178875 0.38540813906250004 0.12950217656250002 0.385854615625 0.13187819375 0.379501209375 0.1300038203125 0.37252030937499997 0.12734844843749998 0.37090933125 0.1207881421875 0.370372346875 0.1175079890625 0.37090933125
1 0.053466909375 0.5524129375 0.05409170625 0.5593938609375 0.05627846875 0.559930821875 0.059090029687500004 0.554023915625 0.060183418749999995 0.543821034375 0.059428 0.531556325 0.0567470625 0.5282482578125001 0.0547164875 0.5314702140625001 0.0547164875 0.53522915625 0.053466909375 0.5432840750000001 0.053466909375 0.5524129375
1 0.0267570765625 0.5448950531250001 0.0237893296875 0.5497279890625 0.0226959546875 0.5572458734375 0.023633140625 0.56476375625 0.026132295312499998 0.56476375625 0.02894385625 0.5653007671875 0.0320678203125 0.5636897875 0.0336297890625 0.56046783125 0.0333173984375 0.5550978859375 0.031755415625 0.5497279890625 0.0305058375 0.545969021875 0.0267570765625 0.5448950531250001
1 0.5517357078125 0.4059944890625 0.5514783265625 0.4130734453125 0.55752690625 0.4192675421875 0.5661493609375 0.4205948484375 0.5688519203125 0.4108612625 0.5665354406249999 0.4051096125 0.561516403125 0.40422473437499995 0.5559825875 0.40422473437499995 0.5517357078125 0.4059944890625
1 0.5821073328125 0.450237996875 0.5832655718749999 0.44360146875 0.5832655718749999 0.43784981875 0.58223601875 0.432540596875 0.5813351734375 0.4298859859375 0.5800482359375 0.427231375 0.5767022140625 0.43077084374999997 0.5759300546875 0.4351952078125 0.5756726609375 0.4458136515625 0.5782465343750001 0.44935311875000006 0.5799195390625 0.4528926078125 0.5821073328125 0.450237996875
1 0.713096709375 0.5795336125 0.710265453125 0.5795336125 0.70820636875 0.5830731 0.7065333515625001 0.588382321875 0.7066620484375 0.5967885828124999 0.7107802296875 0.6016553765625 0.7155418859375 0.6029826828125 0.7169575078125 0.6016553765625 0.7174722859375 0.5932490953125 0.7174722859375 0.5874974453124999 0.7159279656249999 0.5826306515625 0.713096709375 0.5795336125
1 0.749130834375 0.5839579578125 0.746428275 0.59015205625 0.7468143546875 0.5963461546875 0.7495169140625 0.5981158890625 0.7560802718749999 0.599000765625 0.75992028125 0.597795421875 0.7605845328124999 0.5954612781249999 0.7600697624999999 0.5870550171875 0.7571098140625 0.583515528125 0.753249015625 0.583515528125 0.749130834375 0.5839579578125
1 0.737805821875 0.6277590375 0.7369049640625 0.62068008125 0.7340457375 0.6210086328125 0.7342024046875 0.6220073875 0.733687640625 0.628201484375 0.7348458796874999 0.63262583125 0.736518884375 0.63262583125 0.737805821875 0.6277590375
1 0.7831273328125 0.6951990484375 0.7848003375 0.698738515625 0.7877257609375 0.7012600140624999 0.791235009375 0.694314171875 0.790977615625 0.6859079109375 0.7880176734375001 0.6797138109375 0.781454315625 0.682368421875 0.7799099968750001 0.687235215625 0.7831273328125 0.6951990484375
1 0.829842996875 0.5983057515625 0.8289421406249999 0.607154440625 0.8301003796875 0.6129061109375 0.83537680625 0.6160031499999999 0.8379506734375 0.6124636625 0.8383367546875 0.60538470625 0.8360202749999999 0.5952086921874999 0.8335750984375 0.5938813875 0.829842996875 0.5983057515625
1 0.8989800625000001 0.6206658640625 0.89486186875 0.6206658640625 0.8912584656250001 0.6250902078125 0.8894567515625 0.632169184375 0.8904863046875 0.6410178734375 0.8933175500000001 0.6458846671875 0.8978218234374999 0.6441149328125 0.9023260843750001 0.6441149328125 0.9059295 0.6441149328125 0.9073451218749999 0.639248140625 0.9077312015624999 0.63393891875 0.9065729625 0.628629696875 0.9034843234375 0.622435596875 0.8989800625000001 0.6206658640625
1 0.8969209656249999 0.6980920078125 0.9006530671874999 0.70118906875 0.9060581859375001 0.7016314968749999 0.9144232578124999 0.7020739234375 0.9212439984374999 0.70074661875 0.925980784375 0.6979438421874999 0.9222735406250001 0.69145548125 0.9173831984374999 0.6927827859375 0.912106778125 0.6927827859375 0.9060581859375001 0.6927827859375 0.9002669875 0.6936676640624999 0.8969209656249999 0.6980920078125
1 0.898397775 0.4292618703125 0.8999420953125 0.4381105609375 0.9030307343749999 0.44007703593749997 0.9045750531250001 0.43324378750000003 0.9048324359375 0.42439505781250003 0.9029020375 0.41864340625 0.8994273187499999 0.41908583593750004 0.898397775 0.4292618703125