1 0.6270491796875 1 0.631147540625 0.9902755265625001 0.6352459015624999 0.9756888171875 0.6352459015624999 0.923824959375 0.6270491796875 0.9222042140625 0.6106557375 0.9286871968750001 0.59836065625 0.94327390625 0.59836065625 0.9708265796875001 0.6106557375 1 0.6270491796875 1
1 0.5920568234375 0.8517611171875 0.5920568234375 0.8605483968750001 0.5914154296875 0.8785294875 0.589293565625 0.8828779578124999 0.5620739218749999 0.896286465625 0.5588186359375 0.9150945109374999 0.5782449187500001 0.9216232968750001 0.6010582828125 0.9230861062500001 0.6108768609374999 0.907936821875 0.6106967421875 0.89575485 0.6213192546874999 0.8797125921875001 0.6221539421875 0.8683193546875 0.6203703484374999 0.8568705265625001 0.608385971875 0.8517611171875 0.5920568234375 0.8517611171875
1 0.6546980203125 0.8291501140624999 0.6648592625 0.84611661875 0.6924083859375 0.8255712687500001 0.7044630484375001 0.78759208125 0.684267971875 0.7934989125 0.6546980203125 0.8036152296875001 0.6546980203125 0.8291501140624999
1 0.5074105906249999 1 0.5148920375 0.9877641718750001 0.5288137703125 0.9808531796875 0.5140661359375 0.9783375640624999 0.52117416875 0.9679345921875001 0.520119828125 0.9520695375000001 0.502617721875 0.9430981031250001 0.48542313125 0.9384247562500001 0.466524015625 0.9431015781250001 0.45167095156250003 0.9587025625000001 0.43972172187499997 0.9722639515625 0.4538059953125 0.9731934093750001 0.43569325000000003 1 0.5074105906249999 1
1 0.43452029062499997 0.8611825140624999 0.44239272500000004 0.8813856140624999 0.463672896875 0.89237753125 0.49502644218749997 0.8761302703125 0.49601928749999996 0.8590230453125001 0.49032143437500003 0.8299180015625 0.45326564375 0.8406962312499999 0.43452029062499997 0.8611825140624999
1 0.522048396875 0.8176265796875001 0.5277638203125 0.8232050609374999 0.5506342906249999 0.8198989734375 0.5506342906249999 0.8090443031250001 0.5422302953125 0.8023782687500001 0.522048396875 0.8078264515625 0.522048396875 0.8176265796875001
1 0.4682109671875 0.932750725 0.469752946875 0.92187520625 0.481544025 0.9092710703125 0.45891077812500003 0.9094586984375 0.439295590625 0.9217848656250001 0.4387069140625 0.9287427671874999 0.45162262656249996 0.9353028234374999 0.4682109671875 0.932750725
1 0.3907831796875 0.9215943546875 0.3695293109375 0.9256333421875 0.369733025 0.93430696875 0.380221065625 0.9384118687499999 0.38932016406250003 0.9384118687499999 0.4003020484375 0.9403758234374999 0.41414823749999996 0.9497818171875 0.4249387546875 0.9430282015625 0.4249387546875 0.9351552921874999 0.42408378750000003 0.9281624374999999 0.40830851562500003 0.927819446875 0.3916906234375 0.9320757015625001 0.3907831796875 0.9215943546875
1 0.319397590625 0.9930366625 0.31911887656250004 0.9940635140625 0.3140738765625 0.9964171796875 0.29121966875 0.9916038140625 0.2688935125 0.99096811875 0.260752315625 0.9999376874999999 0.37501255312500004 1 0.37316036406249997 0.994106765625 0.37184090625 0.9873122437499999 0.3549983609375 0.981452490625 0.3318795578125 0.977142784375 0.319397590625 0.98210683125 0.319397590625 0.9930366625
1 0.2733507953125 0.8804690328125 0.2753702453125 0.86657383125 0.2523629921875 0.8565700015625 0.23743897500000002 0.85717523125 0.211017671875 0.8687540890625 0.195965065625 0.875946646875 0.195965065625 0.8842544015625 0.21006137656249999 0.8924525703124999 0.22102075000000002 0.899405184375 0.22536936093749999 0.9047677296875 0.2159386140625 0.93566235 0.205388565625 0.9459362046875001 0.1892510703125 0.9571003546875 0.18960243906250002 0.9674730515625001 0.1918265484375 0.977039253125 0.182158540625 0.9863819859375 0.1866882703125 0.9945529390625 0.197222015625 0.9971715375000001 0.226077525 1 0.23728321718749998 0.99017595 0.263324171875 0.9745703484374999 0.263324171875 0.9655155484375 0.2589646921875 0.9525199515624999 0.25196815625 0.944427071875 0.25196815625 0.9335401078125001 0.2733507953125 0.8804690328125
1 0.2364736234375 0.8612642890625001 0.2364736234375 0.850400246875 0.24195059375 0.8474507390625 0.2483458234375 0.8442877890625 0.24891090624999998 0.83288799375 0.2377305734375 0.8263142734375 0.2191172125 0.825181171875 0.2093025 0.8325943328125 0.20029194218750002 0.8347001000000001 0.20297790624999998 0.8432807453125 0.1902200453125 0.8456980812499999 0.18971835312500002 0.8549842296874999 0.1899882171875 0.8652308671875 0.1899356921875 0.8720602875000001 0.2036788234375 0.8742799390625 0.21500948437499998 0.8742799390625 0.2257714390625 0.8685098468750001 0.2364736234375 0.8612642890625001
1 0.1569072546875 0.85973151875 0.1523340578125 0.8524651875 0.1410323734375 0.8437692265625 0.12361438124999999 0.8377140703125001 0.12328475000000001 0.8703742406250001 0.11116623437499999 0.89365156875 0.1247789625 0.9000655656250001 0.1435607625 0.902104721875 0.15027838124999998 0.8958998703125 0.15722239375 0.8835345718750001 0.15722239375 0.8750892984374999 0.1569072546875 0.85973151875
1 0.2486591796875 0.768777128125 0.24984009375 0.7591323203125 0.266555278125 0.75051075 0.2806470125 0.743514209375 0.28216635624999997 0.7296302796874999 0.2894774515625 0.7180728390625 0.2852794515625 0.7068533125 0.27419040156249996 0.6962754437500001 0.260055459375 0.6942489046875 0.2414897015625 0.6929655890624999 0.2428314265625 0.6833559015625 0.23957432031249998 0.6794736796875 0.213764671875 0.6799169546875 0.213764671875 0.6878579499999999 0.21802027499999999 0.6929418578125001 0.22638266875 0.6968031984375 0.21048356093749998 0.7068087000000001 0.2099747125 0.71972444375 0.205522290625 0.731528678125 0.193741975 0.7280365765625 0.181764840625 0.73099238125 0.18247530781250001 0.7420030843750001 0.18272013125 0.7498918734375 0.1778164671875 0.762521909375 0.1810615734375 0.7716000453125 0.1759130859375 0.7776692203125 0.1759130859375 0.789651903125 0.180171090625 0.7924814640625 0.180171090625 0.7959972953125 0.16758909375 0.8074161546875 0.166753815625 0.816448728125 0.17743963125 0.8244305375 0.1932163234375 0.82455773125 0.208829803125 0.8160329796875001 0.2099627125 0.8058139078125001 0.2115252625 0.79312786875 0.2251249515625 0.7737794046875 0.2443435703125 0.7738629328125 0.2486591796875 0.768777128125
1 0.1571985125 0.7522088671875 0.1484928859375 0.7522088671875 0.137718265625 0.7522088671875 0.1311056390625 0.757014659375 0.1311056390625 0.7635964015625001 0.13181610625 0.767089453125 0.1375142453125 0.7689346953125 0.1419618640625 0.7707675984375 0.1520476234375 0.773285821875 0.16033800781250002 0.7708682125 0.16453840625 0.7654729671875 0.16453840625 0.7601546078125 0.16453840625 0.7585817859375 0.16253661875 0.7528286937499999 0.1571985125 0.7522088671875
1 0.3300082984375 0.8906571109374999 0.341592409375 0.885658034375 0.344730459375 0.8760270984374999 0.32930034375 0.8710097937500001 0.333867471875 0.8580309500000001 0.3344437125 0.83589776875 0.3142653640625 0.8317659453124999 0.2917161890625 0.8420128140625 0.2881500734375 0.8566063625 0.28865387343750004 0.8686749828125 0.29938185625 0.8746884578125 0.2891115734375 0.8842673046874999 0.28886790625000003 0.8953684031250001 0.28886790625000003 0.901897540625 0.2774945375 0.9138828218749999 0.2742873359375 0.9250646546875 0.2793088734375 0.9292368453125001 0.30014908125 0.9342385249999999 0.3036197046875 0.9479986796875 0.3185196765625 0.9535837359375 0.3354414390625 0.9462915187500001 0.3354414390625 0.932849096875 0.3193659296875 0.9231803984375 0.325559709375 0.9151316140624999 0.320511828125 0.9035317796875001 0.312128328125 0.897128953125 0.3300082984375 0.8906571109374999
1 0.4112485484375 0.8233616640625 0.39402714375 0.8214956390625 0.396802984375 0.815956159375 0.421999578125 0.8051975328125 0.4356614546875 0.773463365625 0.43236864375 0.7588346578125 0.4362936765625 0.7445835828125 0.41192357812499997 0.7453974453125001 0.37049341875 0.7564998468749999 0.3676385484375 0.7671529953125 0.38302256562500003 0.7768920109375 0.38072089375 0.7907368078125 0.38026319218750004 0.79906295625 0.38746457031250003 0.8067835921875 0.3860552453125 0.8156449374999999 0.38379967187499997 0.82531103125 0.3857160859375 0.8319703875 0.390289803125 0.838093246875 0.40412619687499995 0.84462759375 0.4031877453125 0.8497152171875 0.39386909062500003 0.8506046078124999 0.401077053125 0.8670902265624999 0.422230078125 0.8670902265624999 0.426191328125 0.8481187421874999 0.43593146718750003 0.828356834375 0.43593146718750003 0.8221258953125 0.4112485484375 0.8233616640625
1 0.3686171234375 0.77149766875 0.36097272187499996 0.777093040625 0.3430968234375 0.777641309375 0.3409627953125 0.7841204921875 0.3409627953125 0.7908902703125 0.330997053125 0.7942944703125 0.3322329671875 0.8095541687500001 0.3322329671875 0.815527503125 0.33697009375000003 0.818471434375 0.34643474531249996 0.818471434375 0.35239337656249997 0.8139865281249999 0.3682809296875 0.8039315734375 0.381904778125 0.78709228125 0.38257876562500004 0.77684613125 0.376261525 0.77098485625 0.3686171234375 0.77149766875
1 0.3256951265625 0.7253384140625 0.309840315625 0.7349345296875 0.3065219921875 0.74403466875 0.3130880984375 0.7553119421875001 0.3057381359375 0.76084518125 0.293193815625 0.761550915625 0.2845896796875 0.7675739312500001 0.2781442125 0.7789347390625 0.277795209375 0.7861996046875 0.26898213593750003 0.791149209375 0.2595687125 0.7971409046875 0.24818295468749998 0.7980627015625 0.2398645609375 0.8015808609375 0.2408859515625 0.8057530125 0.24964459374999998 0.8150868625 0.26217981562500003 0.8259521875000001 0.262631275 0.8338488921874999 0.2550573109375 0.8369548984374999 0.2520075578125 0.844185575 0.258175909375 0.8475106359375 0.27837954531250003 0.8475106359375 0.289097721875 0.843706315625 0.296373909375 0.8362496203124999 0.302868853125 0.8212317671875 0.326533853125 0.7710209703124999 0.3406484953125 0.7527628265625 0.3406484953125 0.7335778265624999 0.341006459375 0.7193205625 0.3256951265625 0.7253384140625
1 0.6982651359375 0.6687176499999999 0.7062714625 0.65341194375 0.7218291140625 0.642673984375 0.7318513078125 0.6327969640625 0.7318513078125 0.6160170875000001 0.72085586875 0.6002458109375 0.72780585625 0.5869699390625 0.72780585625 0.5726041015625001 0.7381499875 0.5661249109375001 0.742454396875 0.562938328125 0.7526158640625 0.5588464515625 0.776088290625 0.5588464515625 0.77836865625 0.549820325 0.7787722875 0.5347146421875 0.7576303078125 0.5348463 0.7511869546875001 0.5348463 0.7375872625000001 0.5397001593749999 0.7109771234375 0.5370786562500001 0.6934589796874999 0.5472500874999999 0.6905392906250001 0.5594010468749999 0.6808727875 0.580543178125 0.6809376031250001 0.5917154421874999 0.66290386875 0.5917154421874999 0.6524831390625 0.5723908859375 0.633447696875 0.5741653515625 0.6097837625 0.5916327203125 0.60394438125 0.6032442296875 0.6097071640625 0.6136172281250001 0.6097071640625 0.6244912234375 0.6237193203125 0.6281566671875 0.64572159375 0.6198424250000001 0.6434353359375 0.6341954453125 0.6363290859374999 0.643826265625 0.630607553125 0.6509730640625 0.5982169546875 0.651440275 0.5938506796875 0.665084909375 0.588656515625 0.68315696875 0.58932825 0.6950504375000001 0.6046279015625 0.7006860875 0.623710484375 0.705431590625 0.6325225859375 0.703717709375 0.658437421875 0.7122638109375 0.6907337375 0.7096912421875 0.7115074421875 0.7134417390625 0.71533060625 0.7058567250000001 0.717287303125 0.6942239359375 0.7162406031249999 0.684009640625 0.7053104593749999 0.6825951796874999 0.6981284296875 0.6825951796874999 0.6982651359375 0.672882765625 0.6982651359375 0.6687176499999999
1 0.6290077625 0.745764290625 0.6447434515625 0.74596935 0.660034265625 0.7453227124999999 0.6633281234374999 0.73906489375 0.6666308234375 0.7321546109375 0.6589205984375 0.7242469921875 0.644027525 0.721707046875 0.6311555484375 0.72352811875 0.619535709375 0.729709040625 0.619535709375 0.7384939890625 0.6290077625 0.745764290625
1 0.576709646875 0.7018826578125 0.5569730078124999 0.7042618171874999 0.54611034375 0.715399128125 0.5436532093750001 0.7300655640625 0.544357353125 0.7390357671875 0.55923864375 0.7492503078125 0.5798974421875001 0.755698040625 0.5920475984375 0.755698040625 0.6032755937500001 0.7521386203125 0.5965523484374999 0.7412436546875 0.585492290625 0.7373137296875 0.6006564140624999 0.7203415343749999 0.600143775 0.712341871875 0.589864459375 0.7043876499999999 0.576709646875 0.7018826578125
1 0.3770491796875 0.5397082656250001 0.3647540984375 0.5397082656250001 0.34836065625 0.551053484375 0.3360655734375 0.5753646671875 0.32786885312499997 0.627228525 0.34426229531249997 0.6369529984375 0.3647540984375 0.63857374375 0.3729508203125 0.635332253125 0.3852459015625 0.627228525 0.397540984375 0.6077795781249999 0.4057377046875 0.54781199375 0.40163934375 0.544570503125 0.3770491796875 0.5397082656250001
1 0.3319672125 0.5267423015625 0.3319672125 0.528363046875 0.3237704921875 0.5299837921874999 0.31967213125 0.536466775 0.3155737703125 0.536466775 0.3155737703125 0.544570503125 0.31147540937499996 0.544570503125 0.31147540937499996 0.551053484375 0.3155737703125 0.551053484375 0.3155737703125 0.5607779578125001 0.31967213125 0.5607779578125001 0.3237704921875 0.5640194484375 0.3319672125 0.5640194484375 0.3360655734375 0.567260940625 0.34426229531249997 0.567260940625 0.34426229531249997 0.5640194484375 0.34836065625 0.5640194484375 0.34836065625 0.5575364671874999 0.352459015625 0.5575364671874999 0.352459015625 0.551053484375 0.3565573765625 0.551053484375 0.3565573765625 0.5348460296875001 0.352459015625 0.5348460296875001 0.352459015625 0.5299837921874999 0.34836065625 0.5299837921874999 0.34836065625 0.5267423015625 0.3319672125 0.5267423015625
1 0.20491803281249998 0.5996758515625 0.20491803281249998 0.6012965968749999 0.200819671875 0.6012965968749999 0.200819671875 0.6045380875 0.1967213109375 0.6045380875 0.1967213109375 0.612641815625 0.1926229515625 0.612641815625 0.1926229515625 0.6337115078125 0.188524590625 0.6337115078125 0.188524590625 0.6401944890625 0.1844262296875 0.6401944890625 0.1844262296875 0.6450567265625 0.18032786875 0.6450567265625 0.18032786875 0.6547812000000001 0.1762295078125 0.6547812000000001 0.1762295078125 0.6596434359375001 0.1844262296875 0.6596434359375001 0.188524590625 0.6564019453125 0.20491803281249998 0.6547812000000001 0.20491803281249998 0.653160453125 0.20901639374999997 0.653160453125 0.20901639374999997 0.6515397078125 0.2131147546875 0.6515397078125 0.2131147546875 0.6499189624999999 0.22131147499999998 0.6482982171875 0.22131147499999998 0.64343598125 0.2254098359375 0.64343598125 0.2254098359375 0.635332253125 0.229508196875 0.635332253125 0.229508196875 0.6256077796875 0.2336065578125 0.6256077796875 0.2336065578125 0.6045380875 0.229508196875 0.6045380875 0.229508196875 0.6012965968749999 0.2254098359375 0.6012965968749999 0.2254098359375 0.5996758515625 0.20491803281249998 0.5996758515625
1 0.2868250578125 0.45221257656249997 0.282726696875 0.46355779531249997 0.282726696875 0.49435196093749995 0.295021778125 0.5024556890625 0.31141522187500004 0.5024556890625 0.32371030312500004 0.4975934515625 0.3581446640625 0.43640556249999995 0.35973093437500003 0.42019762812500006 0.3522170203125 0.41294325625 0.315237684375 0.413193565625 0.2868250578125 0.45221257656249997
1 0.330044171875 0.38408163281249996 0.33212942968750003 0.396265415625 0.3557118640625 0.39307051249999997 0.361390984375 0.3838666421875 0.36370340625 0.37649479218750004 0.3532188734375 0.372224171875 0.34466233125 0.3718924734375 0.3353330375 0.3742412375 0.330044171875 0.38408163281249996
1 0.4350467703125 0.4226323890625 0.4148116234375 0.42602308593749993 0.4148116234375 0.43338956093750003 0.40751710625 0.4334509875 0.39884795156249997 0.43616062656250004 0.39884795156249997 0.4408973140625 0.401457434375 0.447647228125 0.41956266875 0.4484764765625 0.4343633359375 0.44648090937499996 0.43421965625 0.44314856562499993 0.43421965625 0.43621437500000004 0.4373922015625 0.43544117812499994 0.4373922015625 0.4292179890625 0.4350467703125 0.4226323890625
1 0.41262540156250005 0.3814802546875 0.40875777500000005 0.375736184375 0.399360528125 0.3743433578125 0.39062535625 0.3743433578125 0.3864703765625 0.3759388890625 0.3864703765625 0.379878578125 0.3864703765625 0.3825260265625 0.39466578750000003 0.3844317578125 0.394990028125 0.3897266515625 0.394990028125 0.392266603125 0.39802472187500004 0.398925915625 0.403740734375 0.401462028125 0.41199633125 0.40146817031250004 0.41646779062499995 0.40110345468749997 0.42409043437499994 0.3960857453125 0.42409043437499994 0.38716366406249997 0.42178189374999997 0.38391040625 0.41262540156250005 0.3814802546875
1 0.3761139875 0.340371884375 0.38540444687500003 0.340371884375 0.38898860625 0.33808147499999996 0.3900021109375 0.32970838750000003 0.3877459953125 0.3221898828125 0.3809349296875 0.31825019375 0.37330840625 0.3160127640625 0.355692446875 0.321229340625 0.3467029296875 0.33105130625 0.3340069390625 0.3319941890625 0.329467525 0.33420244375 0.329467525 0.33894757656249996 0.329467525 0.34280127031249996 0.33620675 0.3418146203125 0.34535547499999997 0.3418146203125 0.347924184375 0.34500875625 0.34878818906250003 0.3510684 0.348658103125 0.3541765390625 0.3603037015625 0.3548829359375 0.3691281796875 0.35190071875 0.369256328125 0.349100475 0.369256328125 0.344688575 0.369256328125 0.34076577812500003 0.3761139875 0.340371884375
1 0.40631720937500004 0.308810603125 0.3940405984375 0.330010909375 0.3989139625 0.3374802703125 0.40457561093749994 0.3429786375 0.4123982375 0.34857298124999997 0.4134680484375 0.35189918124999997 0.41993739375 0.35555631249999997 0.422374078125 0.35555631249999997 0.43038697968750006 0.3554726203125 0.4553440484375 0.32846451718749997 0.4640792171875 0.292191884375 0.439126028125 0.29265948750000004 0.4234963109375 0.29900399375000003 0.40631720937500004 0.308810603125
1 0.3848342296875 0.22038302656250003 0.3649554421875 0.225068528125 0.34510636875 0.24753417500000002 0.3383559015625 0.270856828125 0.3413962421875 0.27733589531249997 0.36171165156249996 0.27733589531249997 0.371141275 0.2730020515625 0.3972356140625 0.27308612499999996 0.40432440625000005 0.2718223140625 0.405010196875 0.25789055781250003 0.3865327046875 0.25350970625 0.395429696875 0.2240831546875 0.3848342296875 0.22038302656250003
1 0.590610328125 0.37279975 0.581633328125 0.36551159218749996 0.5672614390625 0.36372435625 0.5623420328125001 0.3687868328125 0.5529764187499999 0.37240108125 0.563164984375 0.3410453625 0.5808058078125 0.3032838015625 0.59717791875 0.3200270421875 0.613133984375 0.3066105734375 0.6140986640625 0.28622958125000003 0.6149033234375 0.2781341390625 0.6000033765625 0.2781341390625 0.583011765625 0.2883503984375 0.5789313109374999 0.2985666578125 0.5646234296875 0.31378573125 0.540005828125 0.3089167109375 0.531550025 0.30957845 0.531550025 0.316532125 0.5105031062500001 0.3584666125 0.51252390625 0.3676803203125 0.5247721265624999 0.3737706609375 0.5404218734375 0.37171403125 0.5212997421875001 0.40847123124999996 0.504186975 0.4482460296875 0.5159231390625 0.453701753125 0.5460247828125 0.453425125 0.562817515625 0.42422095937500004 0.5734427015625 0.39833904375 0.590610328125 0.37279975
1 0.7753237656249999 0.43830701875000005 0.7827644921875 0.43291556406250004 0.7827644921875 0.42561636406250003 0.7941112578125 0.4205118203125 0.806142265625 0.4151421234375 0.8121010328124999 0.40778309375 0.81793258125 0.37394270937499996 0.7916355984375001 0.36464738125 0.7543150609375 0.3839274390625 0.754414775 0.40092173750000004 0.749291540625 0.4146199734375 0.749291540625 0.41914798124999997 0.749291540625 0.4282298265625 0.749291540625 0.43729535625000004 0.7753237656249999 0.43830701875000005
1 0.589270421875 0.6294352625 0.587722775 0.621523509375 0.5824743406249999 0.6161781328125 0.5707388531250001 0.62023485625 0.5622971359375 0.6268718671875 0.5677113890625 0.638351509375 0.5824919265624999 0.63713041875 0.589270421875 0.6294352625
1 0.5396132171875 0.6721763562499999 0.5435787015625 0.6654990125 0.55669665625 0.6575573593749999 0.55669665625 0.6511218609375 0.5478851796875001 0.643964621875 0.5540599390625001 0.6379950875 0.5552846437500001 0.6309036921875 0.54204341875 0.6282231312500001 0.5348969015625 0.63061373125 0.5348969015625 0.6373056375 0.526696975 0.6355361125 0.5240074265625 0.6431219609375 0.518714778125 0.6415126109375 0.5095575046875 0.6352923671874999 0.5057377046875 0.635332253125 0.482162525 0.6423470421874999 0.47757748437499997 0.6563766203125 0.4807040859375 0.667224853125 0.5121670078125 0.675062678125 0.53022060625 0.678708721875 0.5396132171875 0.6721763562499999
1 0.5817558890625001 0.5679086046874999 0.569110209375 0.5643233390625 0.551956328125 0.5655635890624999 0.54385085625 0.5845586 0.5439901390624999 0.591953884375 0.5399045859375 0.601630875 0.54286789375 0.6121923109375 0.5546618859375 0.61508939375 0.5663934421875 0.61134521875 0.58411725 0.6052623578125 0.5899670203125 0.5958335453125 0.591009221875 0.58355513125 0.587615265625 0.5767574953125 0.5817558890625001 0.5679086046874999
1 0.6288566234374999 0.517214090625 0.6284916109375 0.5070591062500001 0.6283347218750001 0.49915164062499995 0.619784196875 0.49314601874999997 0.608307184375 0.5013814328125 0.6051117453125 0.5044652796875 0.5966124515625 0.5080638421875 0.5820952875 0.5080638421875 0.5789606796875 0.5109007796875 0.567373209375 0.517761725 0.560761396875 0.529075921875 0.5503121796875 0.5384863765625 0.5504098359375 0.5552674234375 0.5543064796875 0.5580144609375 0.5659467874999999 0.55937056875 0.5892241921875 0.5494681921875 0.6190925984375 0.5257293359374999 0.6288566234374999 0.517214090625
1 0.535631725 0.587255621875 0.528650103125 0.5854341828125 0.5200819671875 0.5880064828125 0.5227763203125 0.5907060375000001 0.5314517171875 0.5952352609375 0.5360207453125 0.5920127640625 0.5360207453125 0.5905775171875 0.535631725 0.587255621875
1 0.8119998109375001 0.46001668906250004 0.8059092453125001 0.47281805468749993 0.8160967703124999 0.47669700625000005 0.8254194390625 0.4741323921875 0.8322886359374999 0.46958903906250005 0.8330986234375001 0.4625327375 0.8330986234375001 0.45657791562499994 0.8214792546874999 0.451779340625 0.8119998109375001 0.46001668906250004
1 0.8111166687500001 0.428883815625 0.8111166687500001 0.436031046875 0.8255918890625 0.436031046875 0.8374594796875 0.432073565625 0.8383974921874999 0.41712813281249994 0.8325420812500001 0.41811698750000004 0.8196763812500001 0.4189250140625 0.8111166687500001 0.42495526562499997 0.8111166687500001 0.428883815625
1 0.862245025 0.31664841093749996 0.86633414375 0.3228956515625 0.86633414375 0.32801867812499996 0.86633414375 0.33470403125 0.8709040281249999 0.33896219843750003 0.8930950125000001 0.324156259375 0.8960684421874999 0.3159592109375 0.880535015625 0.31364258437500003 0.8625951468749999 0.31364258437500003 0.862245025 0.31664841093749996
1 0.8888282171874999 0.2208060734375 0.8696498609375001 0.22630624843749997 0.874389578125 0.2330133 0.8807544953124999 0.2412403140625 0.880067315625 0.2468913484375 0.8902914187500001 0.24955619062499998 0.9083619265625 0.2453217890625 0.9227901140625001 0.237017278125 0.9263566640625 0.22647570625000002 0.91620310625 0.21616662187500002 0.9035960781249999 0.2126751546875 0.8888282171874999 0.2208060734375
1 0.81490008125 0.2119570203125 0.795078959375 0.206784396875 0.784847015625 0.1962552234375 0.784847015625 0.1855865578125 0.7759032125 0.167554703125 0.7664263859375 0.19796634375 0.7386491187499999 0.200531990625 0.7386491187499999 0.2044884375 0.7380455484375 0.20930457812499997 0.7373270125 0.21773928125 0.7412384546874999 0.23849694375000002 0.7280827296875 0.2451667953125 0.7280827296875 0.2603147515625 0.7317955984375 0.26893648125 0.7326970328125 0.2772327265625 0.7363106109374999 0.2772327265625 0.740977171875 0.281249103125 0.729734053125 0.2898976984375 0.7275810609375 0.296155271875 0.7300894015625 0.3024779421875 0.7488993484375001 0.304410184375 0.7636463078125 0.3011274390625 0.7636463078125 0.29084418749999996 0.76347385625 0.2843241609375 0.782691409375 0.28900494062500004 0.8018828359375 0.2956520609375 0.8182654390625 0.2855031375 0.8188272046874999 0.2768628109375 0.8421417124999999 0.2638382546875 0.8354763203125 0.2496347203125 0.8335872249999999 0.24408391406250002 0.8281681640624999 0.23563990937499998 0.82954775 0.2292521421875 0.82954775 0.223465746875 0.81490008125 0.2119570203125
1 0.9080457703124999 0.1837462765625 0.9163860078124999 0.1898333578125 0.932708515625 0.1898333578125 0.9399147703124999 0.182563165625 0.9335289546875 0.172124921875 0.9241305125 0.1688266765625 0.9346472546875001 0.1627519953125 0.9354650781249999 0.1519066375 0.9174416031250001 0.1447573390625 0.9042832578125 0.1494246859375 0.8917337125 0.149287259375 0.8777000656249999 0.151772309375 0.8770311765625 0.16104294218749998 0.8644032453125 0.162501940625 0.8610744671875 0.1666702109375 0.8481878640625 0.1708260828125 0.8488306265625001 0.1791915578125 0.86725386875 0.178869171875 0.88753485625 0.1710957703125 0.9004606515625 0.17203295937500002 0.9087434062499999 0.17721385 0.9080457703124999 0.1837462765625
1 0.9128377499999999 0.0776620171875 0.8956164187500001 0.0784917453125 0.8843837499999999 0.08642530625 0.8832549999999999 0.10526725625 0.892308540625 0.116235575 0.9037972703125 0.1139540828125 0.9123648234375 0.1075115515625 0.9191112171875 0.0978606703125 0.9217319093749999 0.08690371875 0.9128377499999999 0.0776620171875
1 0.87102160625 0.0081012796875 0.8704415531249999 0.0175000390625 0.8788392703125 0.0239136390625 0.8907068609375 0.0245728734375 0.9021354921875 0.02194833125 0.8986577828125 0.0059923453124999995 0.8842400453125 0.0038327796875 0.87102160625 0.0081012796875
1 0.7192617296875 0.0989094546875 0.7277665734375 0.1096917828125 0.7501430703125 0.1024742890625 0.7605370078125 0.1056547390625 0.7792555046875 0.0661584578125 0.7662539390625 0.0492714828125 0.7565315 0.041830796875 0.73537259375 0.055935135937500005 0.7179448484375001 0.0780928984375 0.7192617296875 0.0989094546875
1 0.6152596234375001 0.101114484375 0.6074497984375 0.10614968281249999 0.6123175484375001 0.11265007812500001 0.63113010625 0.11103505312499999 0.6513353203125 0.11053804375000001 0.6641409265625 0.110019334375 0.665167778125 0.11040578281249999 0.6745322546875 0.069361640625 0.6642898609375 0.0705416515625 0.6329146890625 0.085017971875 0.61825134375 0.091168084375 0.618462984375 0.096361375 0.6152596234375001 0.101114484375
1 0.674137103125 0.30366123749999996 0.665163934375 0.3071312796875 0.65549916875 0.3190374296875 0.660859053125 0.32830416875 0.6787845781249999 0.33151843593749997 0.6952276515625 0.320187778125 0.6952276515625 0.310966621875 0.674137103125 0.30366123749999996
1 0.6642882296875 0.2762643078125 0.6780545578125 0.2781338640625 0.6782290609375 0.2987420234375 0.6962874625000001 0.2991339140625 0.6984871265625 0.2786270515625 0.69836065625 0.273581846875 0.698306225 0.2640587015625 0.6879098359375 0.2575484953125 0.6717117046875 0.257324378125 0.669643315625 0.260968521875 0.6642882296875 0.2655870125 0.6642882296875 0.2762643078125
1 0.6531954390625 0.36479183593750003 0.6531954390625 0.379675471875 0.6291912125 0.3855823296875 0.6072569796875 0.3879817921875 0.6076876265625 0.4070584734375 0.6343189671875 0.4154483640625 0.6539975046875 0.4154483640625 0.658856303125 0.40614490468750003 0.6553839015625 0.39892815625 0.6750864515624999 0.40402337499999996 0.6808161515625 0.42300952187499996 0.704183209375 0.419871859375 0.7315109515625 0.39780059843750004 0.7467677375 0.38660795625 0.7617123484375 0.384160378125 0.7617123484375 0.37417696562499997 0.7876664953125 0.3634306625 0.7856557375000001 0.3588330625 0.7586497828125001 0.3214084015625 0.7264472343749999 0.327407059375 0.6949394843750001 0.3429959734375 0.6856701468749999 0.3495429 0.66787109375 0.3499075671875 0.6531954390625 0.36479183593750003
1 0.675547515625 0.4636636453125 0.675547515625 0.4569052625 0.6664766890625 0.4590166625 0.659772028125 0.4636712421875 0.6424196359375001 0.46357311093750003 0.6287333484375 0.46629355781250004 0.6269355156249999 0.472200415625 0.6269355156249999 0.47920000937499996 0.6489353859375 0.47920000937499996 0.6696417125 0.4787549390625 0.6868852453125001 0.4787682328125 0.6912445578125 0.47802623593750004 0.7011062375 0.473741390625 0.7013623859375 0.4672039609375 0.686267290625 0.4663992859375 0.675547515625 0.4636636453125
1 0.711592278125 0.46082227500000006 0.72595575 0.45847472656250005 0.72595575 0.45085405625 0.72595575 0.44267309062500004 0.7509109265625 0.4428066765625 0.735482840625 0.43563044375000004 0.714526765625 0.43563044375000004 0.6967261140625001 0.43912897500000003 0.6814277015625 0.445424559375 0.6844198234375 0.45406262656249996 0.6905257421875 0.46082227500000006 0.711592278125 0.46082227500000006
1 0.7186171234375001 0.47967103906249997 0.7138399718749999 0.4857646625 0.7165391265625 0.4955454828125 0.7323002046875 0.49554548125000003 0.73814036875 0.492592053125 0.7439132953125001 0.48312398749999996 0.7439132953125001 0.47957227500000005 0.7439132953125001 0.4787530390625 0.7504706718749999 0.4713254671875 0.7487704921875 0.4596434359375 0.7334064421875001 0.45950035468749995 0.7288069921875 0.46257850468750006 0.7288069921875 0.470185246875 0.7282338640625 0.47224220156249996 0.7255491140625 0.4769442609375 0.7186171234375001 0.47967103906249997
1 0.58085136875 0.4690171703125 0.5815573765625001 0.4685575359375 0.5812724140625 0.46000050625 0.5698018078125 0.457463659375 0.56185963125 0.45979601406250004 0.5614882171875 0.470097878125 0.570535028125 0.47219155312499994 0.58085136875 0.4690171703125
1 0.51927990625 0.49785694375 0.5176229515624999 0.4980551046875 0.5047867578125 0.49403236406250006 0.49997598749999994 0.49650463437500003 0.499247565625 0.5024912625 0.5071401140625 0.5054864765625 0.5127113203125 0.5054864765625 0.51927990625 0.49785694375
1 0.4284227703125 0.5226866390625 0.438990459375 0.5291886140625001 0.4580238203125 0.5230253499999999 0.45655737656250006 0.5152350078125 0.4511430578125 0.50566944375 0.43625608125 0.5050376062499999 0.4273709671875 0.4986356609375 0.4188972875 0.503661871875 0.4188972875 0.5157136343750001 0.4284227703125 0.5226866390625
1 0.391803278125 0.423824959375 0.390660221875 0.41376937343750003 0.381639025 0.4131552625 0.37033171249999997 0.4181377890625 0.3697025484375 0.4246473609375 0.37817783125000004 0.42565589531250003 0.391803278125 0.423824959375
1 0.28241386875 0.349179496875 0.2833648203125 0.3697889234375 0.30252945468750003 0.3697496703125 0.3135133859375 0.36350726718750004 0.31446113124999997 0.346717990625 0.3012199015625 0.3385237296875 0.294691340625 0.33647943593749996 0.2904232828125 0.3396208984375 0.2866515125 0.347094053125 0.28241386875 0.349179496875
1 0.283196721875 0.43679092343750003 0.2830414296875 0.43100308906249996 0.271269853125 0.42900121562500004 0.26693935625 0.43094800937500005 0.2632940578125 0.4374126328125 0.2734535078125 0.43923027187499997 0.283196721875 0.43679092343750003
1 0.4293213859375 0.1388415953125 0.441436434375 0.13452442343749998 0.457854040625 0.1348647234375 0.47065309062500005 0.130930134375 0.47035776562500003 0.1268458703125 0.4552504421875 0.124453034375 0.444747790625 0.12547393281250002 0.4459460578125 0.1197190453125 0.446882946875 0.11989825624999999 0.44675056093750004 0.10377799531250001 0.4325903109375 0.0977539546875 0.413065015625 0.096804875 0.3859444796875 0.12547393281250002 0.400235421875 0.1383952453125 0.4293213859375 0.1388415953125
1 0.47181910625 0.1051996015625 0.47208388125 0.11319697343749999 0.47838241875 0.114994453125 0.49404983593749996 0.114994453125 0.5020931562500001 0.10851198437500001 0.49021911406249996 0.1051996015625 0.47181910625 0.1051996015625
1 0.42132728750000004 0.0634078703125 0.422639265625 0.070097740625 0.442103459375 0.0714428296875 0.4485309875 0.06795929218749999 0.4485309875 0.0630950890625 0.44417751250000004 0.0580879203125 0.4222455046875 0.0580879203125 0.42132728750000004 0.0634078703125
1 0.7346094515625 0.139726240625 0.7393006796875 0.135706409375 0.7326711796875001 0.128458096875 0.7162111390625 0.128546025 0.7102079265625 0.1323879859375 0.710793484375 0.1367971140625 0.71715311875 0.13908926875 0.7346094515625 0.139726240625
1 0.715331959375 0.2112106109375 0.722355225 0.20873320468749998 0.7220480203124999 0.19572329375 0.705391103125 0.19639449375 0.69641089375 0.1979255078125 0.6965840125 0.204373075 0.69836783125 0.2112106109375 0.715331959375 0.2112106109375
1 0.7257131765625 0.1687400296875 0.7257131765625 0.1634538 0.7104622953125 0.16312194687499998 0.6995927828124999 0.16563231875 0.7048883359375 0.171112196875 0.7175960906250001 0.17208277031250002 0.7257131765625 0.1687400296875