1 0.49777597656249994 0.2867495390625 0.5002253890625 0.2783286640625 0.4979986375 0.266845665625 0.4957249765625 0.2651686765625 0.4766218953125 0.2630179875 0.46370679218750005 0.27067334375 0.45591317499999995 0.27220438593749996 0.45479980937500003 0.2905771828125 0.45502249062500005 0.3058878578125 0.45791724531250005 0.3196674546875 0.4659335234375 0.32043297656249997 0.476176553125 0.32349513281250003 0.4815207390625 0.3196674546875 0.48664224375 0.314308734375 0.48953701718750003 0.3058878578125 0.49198642968749995 0.29670145937500003 0.49354515625 0.29134273906249997 0.49777597656249994 0.2867495390625
1 0.5071283015625 0.3946897171875 0.5071283015625 0.380910121875 0.5037434843749999 0.37763114999999997 0.49421317968749995 0.3816756421875 0.4884236515625 0.3816756421875 0.48397015000000004 0.380910121875 0.47728991875000004 0.38014456406249997 0.473727140625 0.3855033203125 0.471500390625 0.3939241609375 0.474617825 0.405407159375 0.48085271562500004 0.410000359375 0.48552887812499995 0.4115314375 0.4928771328125 0.41076591562500003 0.4986666609375 0.40770375937500003 0.5015614359375 0.40770375937500003 0.504233528125 0.406172715625 0.5071283015625 0.3946897171875
1 0.7202431859375 0.5199306046875 0.7132841375 0.5151258953125 0.7092759984375 0.5304365359375 0.7079399515625 0.5465127328125 0.7135067984375 0.5572302078125 0.721077734375 0.5541680875 0.7233044859375 0.5312020921875 0.7202431859375 0.5199306046875
1 0.6763201796875 0.5901481234375 0.6843364578125 0.5855549250000001 0.6939114640625 0.58402388125 0.6976969234375 0.5778996046875 0.6925125140625 0.5681288078125 0.6867858703125 0.5641200078125 0.6792149546874999 0.5656510859375 0.674538790625 0.56871320625 0.6749841328125 0.5786651265625 0.6763201796875 0.5901481234375
1 0.417702696875 0.51516930625 0.42839106875 0.51670035 0.43351257343749994 0.51287270625 0.4348486203125 0.500624153125 0.43173118437499997 0.4975620328125 0.422156178125 0.4960309546875 0.4145852625 0.4975620328125 0.40990909999999997 0.50215523125 0.4105771234375 0.513638228125 0.417702696875 0.51516930625
1 0.3965486359375 0.5067484296875 0.398775365625 0.5067484296875 0.40033409375 0.5059829078125 0.4012247984375 0.49909311093750003 0.4005052015625 0.490093621875 0.396993978125 0.483782434375 0.3952125890625 0.48684455625 0.394099203125 0.4937343546875 0.394321884375 0.503686309375 0.3965486359375 0.5067484296875
1 0.342245059375 0.2925122328125 0.3403616625 0.28205270625 0.334711465625 0.2835469234375 0.327612503125 0.28205270625 0.3205135328125 0.28205270625 0.31326969375 0.286535359375 0.31254530156250004 0.2910180140625 0.31254530156250004 0.30247367187499996 0.315297965625 0.3044659765625 0.3219623046875 0.3074544125 0.3335524484375 0.3044659765625 0.3412309234375 0.30097945312499996 0.342245059375 0.2925122328125
1 0.21827204218750001 0.431787603125 0.20827553906250001 0.431787603125 0.2013214515625 0.437764475 0.1971200140625 0.4467297828125 0.2024804609375 0.4472278703125 0.20711651562500002 0.4512124375 0.211462821875 0.45220861250000005 0.21725789999999998 0.45370283125000005 0.221459325 0.4546989609375 0.22537100625 0.4542008734375 0.22797878906250002 0.445235565625 0.22942755625000003 0.43676834375 0.22867856406249998 0.4352925890625 0.21827204218750001 0.431787603125
1 0.05437524375 0.5837374484375 0.051161953125000006 0.5844279046875 0.049756134375 0.5954748546874999 0.0533710796875 0.598927040625 0.054576060937500004 0.59340355 0.05437524375 0.5837374484375
1 0.05586731406249999 0.5419054609375 0.059451325 0.5432199671875 0.0614905578125 0.53845324375 0.0634988578125 0.532929784375 0.0602855765625 0.5280967171875 0.056670632812499996 0.5280967171875 0.0552648234375 0.5343106328125 0.05586731406249999 0.5419054609375
1 0.2584841046875 0.6752051 0.25828326874999996 0.6683007578125 0.2558733046875 0.665538996875 0.25366417812500003 0.6683007578125 0.2520575421875 0.67313379375 0.25286085156250004 0.6807285890625 0.25446750625000003 0.6876329296875 0.25687746875 0.6834903203125 0.2584841046875 0.6752051
1 0.7431116296875 0.4999585609375 0.7429108125 0.489602034375 0.7400991765625 0.48684030468749995 0.7380908859375 0.4889116109375 0.7380445390625 0.4987149640625 0.740902503125 0.4999585609375 0.7431116296875 0.4999585609375
1 0.9321304328125001 0.351859584375 0.9357453781249999 0.35531176875 0.9403644671875 0.35531176875 0.9445819015625 0.3546213453125 0.946188546875 0.3470265484375 0.948196846875 0.3401222078125 0.94558605625 0.3318369875 0.9401636390625001 0.33114653125000004 0.9341387328125 0.3345986859375 0.9307246156250001 0.3428839390625 0.9321304328125001 0.351859584375
1 0.9749072765625 0.2952438859375 0.974889240625 0.30827495 0.9789238750000001 0.30767171718749997 0.980731346875 0.29317258125 0.9765139125 0.2924821875 0.9749072765625 0.2952438859375