1 0.7152034265625 1 0.717344753125 0.9903846156249999 0.717344753125 0.98076923125 0.7109207703125 0.9615384609375001 0.69379015 0.9615384609375001 0.69379015 0.971153846875 0.6852248390625 0.971153846875 0.6830835125 0.98076923125 0.6852248390625 1 0.7152034265625 1
1 0.436830834375 0.0769230765625 0.436830834375 0.057692307812499996 0.4325481796875 0.0480769234375 0.4068522484375 0.0480769234375 0.4047109203125 0.0673076921875 0.41327623124999996 0.10576923125 0.42398286875 0.10576923125 0.436830834375 0.0769230765625
1 0.84154175625 0.384615384375 0.8479657390625001 0.35576923125 0.8479657390625001 0.3365384609375 0.8458244109375 0.3269230765625 0.839400428125 0.3173076921875 0.8244111343749999 0.3173076921875 0.8222698078124999 0.3269230765625 0.8222698078124999 0.375 0.8244111343749999 0.384615384375 0.84154175625 0.384615384375
1 0.5032119921875 0.23076923124999998 0.509635975 0.221153846875 0.5139186296875 0.20192307656250003 0.5139186296875 0.1923076921875 0.509635975 0.1730769234375 0.48608137031250004 0.1730769234375 0.481798715625 0.1923076921875 0.481798715625 0.20192307656250003 0.48822269843750005 0.23076923124999998 0.5032119921875 0.23076923124999998
1 0.15845824375 0.24038461562500002 0.1648822265625 0.221153846875 0.1648822265625 0.20192307656250003 0.16274090000000002 0.1923076921875 0.1520342609375 0.1923076921875 0.1520342609375 0.1826923078125 0.145610278125 0.1826923078125 0.145610278125 0.1923076921875 0.13276231249999998 0.1923076921875 0.130620984375 0.20192307656250003 0.130620984375 0.221153846875 0.1370449671875 0.24038461562500002 0.15845824375 0.24038461562500002
1 0.19914346875 0.7019230765625 0.20770877968749998 0.6826923078125 0.20770877968749998 0.6634615390625 0.201284796875 0.64423076875 0.1820128484375 0.64423076875 0.1777301921875 0.653846153125 0.175588865625 0.6634615390625 0.175588865625 0.6826923078125 0.184154175 0.7019230765625 0.19914346875 0.7019230765625
1 0.6209850109375 0.1730769234375 0.629550321875 0.153846153125 0.629550321875 0.125 0.62740899375 0.11538461562499999 0.6188436828125 0.11538461562499999 0.6188436828125 0.10576923125 0.614561028125 0.10576923125 0.614561028125 0.11538461562499999 0.6017130625 0.11538461562499999 0.599571734375 0.125 0.599571734375 0.153846153125 0.6059957171875 0.1730769234375 0.6209850109375 0.1730769234375
1 0.436830834375 0.4230769234375 0.436830834375 0.4134615390625 0.44753747343750006 0.4134615390625 0.45182012812499994 0.39423076875 0.45182012812499994 0.375 0.44325481875 0.35576923125 0.42826552500000004 0.35576923125 0.42398286875 0.365384615625 0.42184154218750003 0.375 0.42184154218750003 0.40384615312500005 0.43040685156249997 0.4230769234375 0.436830834375 0.4230769234375
1 0.573875803125 0.384615384375 0.584582440625 0.384615384375 0.5931477515625 0.35576923125 0.5931477515625 0.3365384609375 0.584582440625 0.3076923078125 0.5781584578125 0.3076923078125 0.5781584578125 0.3173076921875 0.5695931484375001 0.3173076921875 0.5653104921875001 0.3269230765625 0.5653104921875001 0.365384615625 0.5674518203125001 0.375 0.573875803125 0.384615384375
1 0.186295503125 0.14423076875000002 0.19700214062500002 0.11538461562499999 0.19700214062500002 0.10576923125 0.1905781578125 0.08653846093749999 0.15631691718750002 0.08653846093749999 0.1520342609375 0.096153846875 0.1520342609375 0.125 0.160599571875 0.14423076875000002 0.186295503125 0.14423076875000002
1 0.0342612421875 0.8365384609375001 0.0342612421875 0.846153846875 0.044967879687500004 0.846153846875 0.051391862499999996 0.8269230765625 0.051391862499999996 0.7884615390625 0.0471092078125 0.778846153125 0.014989293749999999 0.778846153125 0.008565310937499999 0.7884615390625 0.008565310937499999 0.8076923078125 0.025695931249999998 0.8365384609375001 0.0342612421875 0.8365384609375001
1 0.543897215625 0.8076923078125 0.5524625265625 0.7884615390625 0.5524625265625 0.76923076875 0.5481798718750001 0.75 0.5374732328125 0.75 0.5374732328125 0.740384615625 0.5267665953125 0.740384615625 0.5267665953125 0.75 0.518201284375 0.75 0.5117773015625 0.759615384375 0.509635975 0.76923076875 0.509635975 0.7884615390625 0.5160599578125 0.8076923078125 0.543897215625 0.8076923078125
1 0.122055675 0.653846153125 0.12847965781249998 0.625 0.12847965781249998 0.596153846875 0.1263383296875 0.5865384609375 0.11777301874999999 0.5865384609375 0.11777301874999999 0.5769230765625 0.10278372656250001 0.5769230765625 0.10278372656250001 0.5865384609375 0.094218415625 0.5865384609375 0.0920770875 0.596153846875 0.0920770875 0.625 0.1006423984375 0.653846153125 0.122055675 0.653846153125
1 0.9700214125000001 0.43269230781249995 0.987152034375 0.43269230781249995 0.9914346890625 0.4230769234375 0.9935760171875 0.40384615312500005 0.9935760171875 0.375 0.9892933625 0.35576923125 0.9807280515624999 0.35576923125 0.9807280515624999 0.346153846875 0.9678800859375001 0.346153846875 0.9635974296875001 0.35576923125 0.961456103125 0.365384615625 0.961456103125 0.39423076875 0.9635974296875001 0.4134615390625 0.9700214125000001 0.43269230781249995
1 0.3811563171875 0.1826923078125 0.389721628125 0.1634615390625 0.389721628125 0.134615384375 0.3875803 0.125 0.3790149890625 0.125 0.3790149890625 0.11538461562499999 0.3511777296875 0.11538461562499999 0.346895075 0.125 0.346895075 0.153846153125 0.359743040625 0.1826923078125 0.3811563171875 0.1826923078125
1 0.8865096359375 0.7019230765625 0.8950749468750001 0.6730769234375 0.8950749468750001 0.653846153125 0.8907922906250001 0.634615384375 0.88222698125 0.634615384375 0.88222698125 0.625 0.8672376875 0.625 0.8608137046875 0.634615384375 0.8565310500000001 0.653846153125 0.8565310500000001 0.6826923078125 0.8629550328125 0.7019230765625 0.8865096359375 0.7019230765625
1 0.22698072812499998 0.24038461562500002 0.23768736562499998 0.24038461562500002 0.23768736562499998 0.25 0.2462526765625 0.25 0.2462526765625 0.24038461562500002 0.2591006421875 0.24038461562500002 0.26766595312499997 0.221153846875 0.26766595312499997 0.20192307656250003 0.2612419703125 0.1826923078125 0.22698072812499998 0.1826923078125 0.2226980734375 0.1923076921875 0.2205567453125 0.20192307656250003 0.2205567453125 0.221153846875 0.2226980734375 0.23076923124999998 0.22698072812499998 0.24038461562500002
1 0.9464668093749999 0.24038461562500002 0.9464668093749999 0.25 0.9486081375 0.25 0.9550321203125 0.24038461562500002 0.959314775 0.2115384609375 0.959314775 0.1923076921875 0.9550321203125 0.1730769234375 0.9486081375 0.1634615390625 0.9250535328125 0.1634615390625 0.920770878125 0.1826923078125 0.920770878125 0.20192307656250003 0.931477515625 0.24038461562500002 0.9464668093749999 0.24038461562500002
1 0.0728051390625 0.153846153125 0.0728051390625 0.1634615390625 0.0920770875 0.1634615390625 0.09850107031250001 0.153846153125 0.10278372656250001 0.134615384375 0.10278372656250001 0.11538461562499999 0.09850107031250001 0.10576923125 0.08565310468750001 0.10576923125 0.08565310468750001 0.096153846875 0.0620985015625 0.096153846875 0.05567451875 0.10576923125 0.053533190625000004 0.125 0.0578158453125 0.14423076875000002 0.0620985015625 0.153846153125 0.0728051390625 0.153846153125
1 0.6573875796875 0.8846153843750001 0.706638115625 0.89423076875 0.706638115625 0.8846153843750001 0.717344753125 0.8846153843750001 0.71948608125 0.875 0.71948608125 0.8653846156249999 0.7130620984375 0.846153846875 0.695931478125 0.846153846875 0.695931478125 0.8365384609375001 0.6638115625000001 0.8365384609375001 0.6638115625000001 0.846153846875 0.6488222703125001 0.846153846875 0.6445396140625 0.85576923125 0.6445396140625 0.875 0.6573875796875 0.875 0.6573875796875 0.8846153843750001
1 1 0.08653846093749999 0.987152034375 0.057692307812499996 0.961456103125 0.057692307812499996 0.961456103125 0.0673076921875 0.9528907921875 0.0673076921875 0.9528907921875 0.08653846093749999 0.959314775 0.11538461562499999 0.9807280515624999 0.153846153125 0.9957173453125 0.153846153125 1 0.14423076875000002 1 0.08653846093749999
1 0.2869379015625 0.8653846156249999 0.2869379015625 0.875 0.3104925046875 0.875 0.3104925046875 0.8653846156249999 0.3297644546875 0.8653846156249999 0.3404710921875 0.846153846875 0.3404710921875 0.8269230765625 0.3383297640625 0.8173076921875 0.3297644546875 0.8173076921875 0.3297644546875 0.8076923078125 0.3169164875 0.8076923078125 0.3169164875 0.7980769234375 0.29122055625 0.7980769234375 0.29122055625 0.8076923078125 0.28051391875 0.8076923078125 0.2762312640625 0.8173076921875 0.2719486078125 0.8365384609375001 0.2719486078125 0.85576923125 0.27408993593750003 0.8653846156249999 0.2869379015625 0.8653846156249999
1 0 0.98076923125 0.17130620937500002 0.9903846156249999 0.1691648828125 0.971153846875 0.145610278125 0.9519230765625 0.0620985015625 0.9519230765625 0 0.9615384609375001 0 0.98076923125
1 0.41113490312499995 0.6634615390625 0.41113490312499995 0.6730769234375 0.4625267671875 0.6730769234375 0.4625267671875 0.6634615390625 0.47323340468749997 0.6634615390625 0.4796573875 0.653846153125 0.4796573875 0.625 0.4753747328125 0.615384615625 0.436830834375 0.60576923125 0.43040685156249997 0.596153846875 0.42184154218750003 0.596153846875 0.42184154218750003 0.5865384609375 0.400428265625 0.596153846875 0.3961456109375 0.615384615625 0.3961456109375 0.634615384375 0.40256959375 0.6634615390625 0.41113490312499995 0.6634615390625
1 0.6830835125 0.1730769234375 0.6830835125 0.1826923078125 0.7002141328125 0.1826923078125 0.70877944375 0.1634615390625 0.7366167031249999 0.153846153125 0.7408993578125 0.14423076875000002 0.7408993578125 0.10576923125 0.7323340468749999 0.08653846093749999 0.71948608125 0.08653846093749999 0.71948608125 0.0769230765625 0.6980728046875 0.0769230765625 0.6723768734375 0.125 0.6680942187500001 0.14423076875000002 0.6680942187500001 0.153846153125 0.6745182015625 0.1730769234375 0.6830835125 0.1730769234375
1 1 0.4615384609375 0.9935760171875 0.47115384687499995 0.9828693796874999 0.509615384375 0.9700214125000001 0.5384615390625 0.9635974296875001 0.5673076921875 0.9635974296875001 0.5769230765625 0.9464668093749999 0.5769230765625 0.9464668093749999 0.5865384609375 0.935760171875 0.5865384609375 0.9293361890625 0.596153846875 0.9271948609375 0.60576923125 0.9271948609375 0.634615384375 0.9293361890625 0.64423076875 0.9507494640624999 0.64423076875 0.9935760171875 0.5865384609375 0.997858671875 0.5769230765625 1 0.5576923078125 1 0.4615384609375
1 0.7665952890625001 0.259615384375 0.7751606 0.259615384375 0.802997859375 0.221153846875 0.802997859375 0.2115384609375 0.81156316875 0.2115384609375 0.8179871515625001 0.1826923078125 0.8179871515625001 0.134615384375 0.815845825 0.125 0.798715203125 0.125 0.798715203125 0.134615384375 0.788008565625 0.134615384375 0.7665952890625001 0.1634615390625 0.758029978125 0.20192307656250003 0.758029978125 0.221153846875 0.762312634375 0.25 0.7665952890625001 0.259615384375
1 0.3790149890625 0.98076923125 0.400428265625 0.9615384609375001 0.400428265625 0.9423076921875 0.3961456109375 0.9326923078125 0.3147751609375 0.9615384609375001 0.282655246875 0.9615384609375001 0.263383296875 0.9423076921875 0.2334047109375 0.9519230765625 0.2312633828125 0.971153846875 0.2355460390625 0.98076923125 0.2762312640625 0.9903846156249999 0.3790149890625 0.98076923125
1 0.6873661671875 0.778846153125 0.6873661671875 0.76923076875 0.695931478125 0.76923076875 0.7002141328125 0.759615384375 0.7280513921875 0.653846153125 0.7280513921875 0.625 0.7237687359375 0.60576923125 0.7023554609375 0.60576923125 0.7023554609375 0.615384615625 0.6873661671875 0.615384615625 0.6873661671875 0.625 0.6766595296875 0.625 0.6723768734375 0.634615384375 0.6723768734375 0.75 0.680942184375 0.778846153125 0.6873661671875 0.778846153125
1 1 0.85576923125 0.77087794375 0.89423076875 0.762312634375 0.903846153125 0.762312634375 0.9230769234375 0.9443254812499999 0.9134615390624999 0.987152034375 0.903846153125 1 0.8846153843750001 1 0.85576923125
1 0.455090440625 0.26956751875 0.44028050781249994 0.2625630578125 0.441031890625 0.312155278125 0.450127025 0.3159059421875 0.45668423125 0.30567975937499997 0.455090440625 0.26956751875