1 0.20816176249999999 0.66766825 0.17476581093750002 0.6491498265625 0.151053703125 0.6750076296875 0.1381469203125 0.7371956734375 0.144738621875 0.7881246734375 0.19986959843750002 0.7899778484375 0.226324321875 0.7521144015625 0.22697620000000002 0.709878 0.20816176249999999 0.66766825
1 0.4089706125 0.6830202828124999 0.4089706125 0.6405105546875001 0.386808859375 0.625218521875 0.31739657656250003 0.6352976625 0.29042721718750003 0.6472499890625001 0.2929553921875 0.7142776203125 0.311053621875 0.7342159234375 0.348935528125 0.7280631203125 0.386508653125 0.7262299343749999 0.4089706125 0.6830202828124999
1 0.42122980468750004 0.744828359375 0.41920983593749994 0.7969239234375001 0.42273298593749997 0.798323815625 0.431378965625 0.8266080765625 0.4546600625 0.8220084671875 0.45855203906249997 0.7849649453125 0.4461191578125 0.744341728125 0.42122980468750004 0.744828359375
1 0.48297177968750005 0.6893330765625 0.5027833390625001 0.698325640625 0.5212675453125 0.6939660109375 0.5297012343749999 0.6608688265625 0.53339164375 0.6399239453125001 0.5212525390625 0.599300728125 0.4905134234375 0.591388065625 0.47020438125 0.6171058796875 0.47006285625000005 0.6445235546875 0.48297177968750005 0.6893330765625
1 0.6367295281249999 0.47202487968750007 0.6357431296875 0.463965565625 0.64735044375 0.460019228125 0.64735044375 0.39905775 0.6277447453125 0.3745731625 0.56930290625 0.372886640625 0.5468388 0.3722066953125 0.5192046921875 0.4090102390625 0.5137023140625 0.433108184375 0.5355424156249999 0.5038888375 0.56858240625 0.5152678703125 0.5794156125 0.48997002187499994 0.6144691359375 0.48997002187499994 0.6367295281249999 0.47202487968750007
1 0.6069210593750001 0.7625535218749999 0.618058759375 0.7892112499999999 0.6270371124999999 0.8016035328125 0.67138849375 0.7996770328125 0.6880950453125 0.7537942609375 0.6860557765624999 0.7077848375 0.67309753125 0.6915795546875 0.6553616953125 0.6594156203125 0.635753853125 0.6594156203125 0.6208571218750001 0.65831570625 0.6223217062499999 0.6621087171875 0.60566661875 0.7084647828125 0.6069210593750001 0.7625535218749999
1 0.6746478875 0.6640485546875 0.68006449375 0.6194856734374999 0.679264653125 0.5686433375 0.661084940625 0.5637770765625 0.6430467515625 0.566963478125 0.6431760484375 0.6188271734375 0.6553638390625001 0.64566345625 0.6746478875 0.6640485546875
1 0.8072538671875 0.6364042390625 0.8212113734375001 0.6356776296875 0.829672940625 0.6356776296875 0.8344462406250001 0.5910947609375 0.8229697343750001 0.546865184375 0.815220090625 0.5036555218750001 0.77638609375 0.4891100984375 0.7329396265625 0.5279201296875 0.7266738640625 0.5740162062499999 0.746298859375 0.6068334234375 0.7935493921875 0.6145060984375 0.8072538671875 0.6364042390625
1 0.8762329937500001 0.43930100000000005 0.8481614375 0.4402275875 0.8393996640625 0.47477131562499997 0.8393996640625 0.517401021875 0.85261523125 0.52798679375 0.8698986124999999 0.5358261203125 0.8839204515624999 0.5351128484375 0.8993768531249999 0.5078685000000001 0.8923734375000001 0.4592059671875 0.8762329937500001 0.43930100000000005
1 0.9180390421875 0 0.8944234265625 0.0413814890625 0.8925750062500001 0.0800981953125 0.9382344328125001 0.095496890625 0.974134971875 0.08888412031250001 0.9873805593749999 0.08888412031250001 1 0.074352021875 1 0 0.9180390421875 0
1 0.6093034203125 0.1942085 0.63953646875 0.2381314234375 0.722503121875 0.23768480468750003 0.8133566578125 0.1996413703125 0.8176024515625 0.15004558750000002 0.8043504296874999 0.10870909843750001 0.7118843499999999 0.1171683796875 0.6228320593750001 0.1403530765625 0.6093034203125 0.1942085
1 0.505596709375 0 0.3553706921875 0.0058845 0.320939028125 0.04080820625 0.3191377828125 0.0848977828125 0.3198883 0.14266620624999998 0.34241888125000003 0.164944315625 0.43789346875 0.1445593796875 0.5015524859375 0.11602180468750001 0.5010185453125 0.12015479375 0.511587996875 0.0656327609375 0.505596709375 0
1 0.425973084375 0.2275523265625 0.3846259234375 0.238891359375 0.3768762765625 0.2558432609375 0.3879732375 0.3165780984375 0.36666064375 0.3549748265625 0.367449759375 0.42062258750000003 0.396441234375 0.42394896718749997 0.42480012968749997 0.38462564062500004 0.41285615781249996 0.338949521875 0.4172155984375 0.312018478125 0.4481605671875 0.310591934375 0.47442873125 0.310591934375 0.49863403906250003 0.26854217343750003 0.4807888421875 0.2275523265625 0.425973084375 0.2275523265625
1 0.144762209375 0.538605890625 0.15900705937499998 0.5767826406250001 0.17799733281250002 0.580142359375 0.191223621875 0.5390725109375001 0.19143805625000002 0.47951757656250005 0.16673311562499998 0.4668319890625 0.1456285203125 0.50436879375 0.144762209375 0.538605890625
1 0.090321709375 0.4038973375 0.1111196609375 0.40626380468749995 0.12332953124999999 0.40626380468749995 0.12788625468749998 0.3801326953125 0.12788625468749998 0.35933445625 0.1227805796875 0.34057605468749996 0.1159594375 0.33874954375 0.128602465625 0.3225309234375 0.148564121875 0.33982944531250003 0.1610356046875 0.3610009890625 0.1710839796875 0.35834787968750004 0.1870657453125 0.3489953375 0.1990268734375 0.2971864125 0.1936317140625 0.25792975 0.1461431640625 0.24113117343749998 0.13207415 0.26957542343749996 0.114885121875 0.27555491249999997 0.0981335390625 0.2388313703125 0.0783605796875 0.24187777187499998 0.07434423125 0.2687821515625 0.0776272171875 0.320317771875 0.089393209375 0.320317771875 0.0813540796875 0.3546081953125 0.079840175 0.4038973375 0.090321709375 0.4038973375
1 0 0.73939695625 0.011103796874999999 0.73939695625 0.020992178125 0.7325049890625001 0.012587053125 0.669275478125 0 0.6483870109375001 0 0.650504478125 0 0.73939695625
1 0 0.5285665109375 0.00847390625 0.5417863374999999 0.025079028125000003 0.5207915875 0.031348681249999996 0.47952971718750004 0.01991129375 0.43893822812499994 0 0.4223500984375 0 0.5285665109375
1 0.0352303984375 0.8786098046875 0.02418749375 0.9062594234375 0.022399171875000002 0.963030271875 0.0328345703125 0.9917508906249999 0.0521695171875 0.9970895109375 0.0612373734375 0.9495079562500001 0.054157714062499994 0.9087856625 0.0352303984375 0.8786098046875
1 0.1029553078125 0.7719355546875 0.10848596562499999 0.7896110328125 0.1194289328125 0.7970589343750001 0.1294856296875 0.78442775 0.130406090625 0.7525595546875 0.130406090625 0.7220239671875001 0.1171856359375 0.7153118593750001 0.105706171875 0.7423565 0.1029553078125 0.7719355546875
1 0 0.168017684375 0.016947409375 0.1590900109375 0.039774846875 0.1501132828125 0.039062146874999995 0.090505521875 0.0201348359375 0.0645727609375 0 0.035566 0 0.0724539671875 0 0.168017684375