1 1 0.1686026515625 0.9771674953125 0.1656633484375 0.9575167734375001 0.173863340625 0.9557017265625 0.1951399 0.9709061359375 0.22241196875 0.9517568656250001 0.2358726484375 0.93397978125 0.25236448437500003 0.933714065625 0.3015477359375 0.9509733453125 0.3096600484375 0.955194821875 0.340288940625 0.97726424375 0.3562213078125 1 0.3400603921875 1 0.1686026515625
1 0.9766581015625 0.120162884375 0.96815078125 0.1433642 0.9737857812499999 0.16536616875000001 0.9915062703125 0.1651995921875 0.9975526390624999 0.14399441562499998 0.9925772734375 0.11869978750000001 0.9766581015625 0.120162884375
1 0.979123584375 0.4463444640625 0.957056559375 0.4250504484375 0.94069974375 0.4269993921875 0.9343208390625 0.453551671875 0.9057752406249999 0.4541069234375 0.889318753125 0.4578132484375 0.8657575796874999 0.5069060921874999 0.9067030812500001 0.5437278046875 0.9360125171875 0.545224215625 0.9393387890625 0.5267508921874999 0.9533814406250001 0.5330613640624999 0.9565029375 0.51623436875 0.9511035203124999 0.49204192343750003 0.9793356109375001 0.48512622812500006 0.979123584375 0.4463444640625
1 0.81138919375 0.5145935921875 0.8243934625 0.5007372125 0.8195494812499999 0.476922340625 0.8055693500000001 0.45745511250000004 0.794628259375 0.46851578437499997 0.7914170609375 0.49177262343750006 0.7942368281250001 0.506206471875 0.81138919375 0.5145935921875
1 0.735803703125 0.41474492031250004 0.71580710625 0.4373993125 0.7165256390625 0.45853507968749996 0.7355065046875 0.48957936875 0.7620016125 0.49122570000000004 0.7825844531249999 0.4978859796875 0.7859007578125 0.4896987484375 0.785645240625 0.46181663593750005 0.7710562125 0.4453227953125 0.751604178125 0.41474492031250004 0.735803703125 0.41474492031250004
1 0.73232520625 0.5193549 0.729292509375 0.5015812000000001 0.721717559375 0.49457943593750003 0.7094635375 0.49457943593750003 0.705582734375 0.5086718 0.707228203125 0.5229474 0.7333146625 0.521026215625 0.73232520625 0.5193549
1 0.636789328125 0.497425115625 0.6504994421875 0.50808323125 0.6647958 0.507330859375 0.6775481734375 0.493388415625 0.6803588781250001 0.47761640781250003 0.6774684375 0.44113895156250005 0.6652878109375 0.41729354062499996 0.63895126875 0.41558613125 0.6270805265625 0.40848997656249997 0.6277320078125 0.3904664125 0.6261526859375001 0.377392940625 0.6175900921874999 0.383545159375 0.6058770109375 0.37792598437499997 0.5984252890625 0.3927235203125 0.6015232265625 0.421496815625 0.5982304796875 0.440650328125 0.6170165359374999 0.4727551515625 0.6319535015625 0.4790461875 0.636789328125 0.497425115625
1 0.7828347625000001 0.4455618796875 0.791162978125 0.42695662343749996 0.8076129703125 0.4318454515625 0.8192030562499999 0.44895885625 0.8347055750000001 0.45755714062499997 0.852983071875 0.46034679531249995 0.8630055515624999 0.44719736875000005 0.864228546875 0.43385642031250005 0.88433025625 0.45097990781249997 0.8942898749999999 0.44210562812500004 0.8995679453125 0.4284207515625 0.9014637109375 0.40127517187499995 0.8905496875000001 0.377702971875 0.8680324171875 0.37404643125 0.8551815046875 0.3901014359375 0.8422096874999999 0.37203294374999996 0.8275115312500001 0.3683335640625 0.812263971875 0.37654628749999997 0.8012175328125 0.35455917656249997 0.7844303312500001 0.3537754515625 0.77462086875 0.371692740625 0.770751203125 0.395101140625 0.7633498984375 0.41654393125 0.7713787375 0.4398716921875 0.7828347625000001 0.4455618796875
1 0.785244528125 0.14723624062500001 0.7717104859374999 0.14586294375 0.725657634375 0.11356839218749999 0.697107590625 0.11691671562499999 0.6847241765625001 0.1770943046875 0.689696578125 0.20983924062499998 0.7682586 0.2214457875 0.760439146875 0.2602228765625 0.7824794046875 0.2651290796875 0.78155046875 0.2896564046875 0.7892410046875 0.302182171875 0.8068221250000001 0.300816259375 0.812239115625 0.3216556234375 0.84849295 0.32270774375 0.8540075328125001 0.3151250953125 0.8761188765625001 0.3137813359375 0.8761188765625001 0.3343549 0.8829563828125 0.333276940625 0.887167321875 0.3160996921875 0.88979268125 0.3343549 0.9172186046874999 0.3462863125 0.9386202953125 0.33373101250000003 0.927367028125 0.2588643515625 0.9078714046874999 0.22982583124999997 0.898037446875 0.20558276874999998 0.8778261453124999 0.20201663124999997 0.8364191828124999 0.22429943125000001 0.809531825 0.217536328125 0.8051714859375 0.20302075937500003 0.8319961906250001 0.198166240625 0.82404179375 0.1707889640625 0.82947685625 0.16164105625 0.8274490984374999 0.1361096046875 0.7954616265625 0.12494605624999999 0.785244528125 0.14723624062500001
1 0.7399844640625 0.3403464484375 0.725727515625 0.33982961562499997 0.7163032046875 0.3523701515625 0.7198611171875 0.3703411046875 0.7254781125 0.38699414062500004 0.7358169015625 0.386536371875 0.7427327203125 0.3679969078125 0.7399844640625 0.3403464484375
1 0.67178291875 0.36154759531249997 0.669537084375 0.3848345234375 0.67181063125 0.4082100515625 0.6804554046875 0.4168965046875 0.6936665468750001 0.41369215156249994 0.69742566875 0.3949717921875 0.6922737453125001 0.3649992875 0.6805578156250001 0.35572955624999997 0.67178291875 0.36154759531249997
1 0.701672753125 0.31554225156250004 0.701429375 0.3148297640625 0.706110203125 0.2927500046875 0.7038691874999999 0.27801663125 0.69267736875 0.2693191046875 0.687968828125 0.24953924375 0.6762974796875 0.239150940625 0.6515716171875 0.23772596406250002 0.6461437828125 0.2559221046875 0.646402825 0.28017255625000004 0.6578500734375 0.2867843 0.6698117890625 0.2901732359375 0.675616740625 0.3042642640625 0.6800638296875 0.316697740625 0.6944340359375001 0.32106126874999996 0.701672753125 0.31554225156250004
1 0.5666973453125 0.2218269765625 0.5740134421875001 0.22376344062500003 0.5804035812499999 0.22217685625 0.59077794375 0.21408459999999999 0.6034372453125 0.21561229218750003 0.608916121875 0.22438005625000002 0.6161451625 0.22349670000000002 0.6170360734375 0.209917228125 0.6201949625000001 0.22214914375 0.6295981421875 0.22626802031249998 0.6390770734375 0.2240301765625 0.6523095859375 0.22254059218750002 0.6683098046875 0.1931992359375 0.6640994578125 0.1664663796875 0.640744703125 0.1470602078125 0.6264369921874999 0.1393559359375 0.6097075390625 0.14254295625 0.5979821125 0.173162584375 0.5858915015624999 0.1475832921875 0.5721468265625 0.14786735625 0.56194544375 0.1527171640625 0.5587402 0.16814303125000002 0.55439644375 0.1946715 0.559104253125 0.20853849531250002 0.5666973453125 0.2218269765625
1 0.502641078125 0.3146731515625 0.5059254640625 0.33420057187499996 0.5970131890625 0.35531457187500004 0.6030890203125 0.337200528125 0.595549065625 0.31625626875 0.5591935703125 0.3089884796875 0.550819234375 0.29542286406249996 0.5415200687499999 0.3011144640625 0.509019909375 0.3027945796875 0.502641078125 0.3146731515625
1 0.5493178000000001 0.48226531250000004 0.564226990625 0.45552206875 0.558995715625 0.43606739531249994 0.5505852 0.4196542484375 0.541248725 0.4164706921875 0.530028675 0.4156947234375 0.5177718671875 0.43859622812500004 0.5174654734375 0.45288238437499995 0.5338704453124999 0.4801695046875 0.5493178000000001 0.48226531250000004
1 0.5065167671874999 0.3739032078125 0.5065212890625 0.35333654375 0.485043328125 0.3474232359375 0.4835396328125 0.3817599 0.4907698046875 0.39395024843750004 0.49936460781249997 0.394788571875 0.506038525 0.375157228125 0.5065167671874999 0.3739032078125
1 0.456979634375 0.46410276875 0.45528712968749996 0.44218855156250003 0.43712860156250005 0.4413710125 0.438167621875 0.46422055156250003 0.44889473124999996 0.4724340515625 0.456979634375 0.46410276875
1 0.3106644796875 0.41204004375 0.3167934484375 0.4300848078125 0.3317173375 0.43025801562500005 0.33681633125 0.4070863078125 0.3282260515625 0.391639659375 0.3158516609375 0.392173140625 0.3106644796875 0.41204004375
1 0.2630064 0.37613065625000003 0.26879392812499997 0.36348996875 0.280979509375 0.35983182343750003 0.28278507343750003 0.34463805937499997 0.27599018124999997 0.3184352203125 0.267520875 0.3186673203125 0.26235630625 0.29683277656249996 0.2683303828125 0.28276139218749996 0.26140999531250003 0.2559072953125 0.2449405796875 0.251289584375 0.23577482500000002 0.24443749218750002 0.2283094890625 0.269171528125 0.231459334375 0.286246328125 0.24686485781249998 0.29840203593750003 0.23552157187499997 0.33621324375 0.240920175 0.355068615625 0.23803828125 0.3669125484375 0.2630064 0.37613065625000003
1 0.3777111765625 0.2303522515625 0.378065053125 0.20810547656249997 0.365733625 0.1936565046875 0.354486440625 0.1972037921875 0.35068085 0.22044824375 0.35068085 0.2394317921875 0.358744271875 0.23986827656249998 0.3517933578125 0.26075364375 0.352488675 0.2868698765625 0.35938418906249997 0.298873159375 0.3660750671875 0.28460432343750003 0.3660750671875 0.2576359078125 0.3777111765625 0.2303522515625
1 0.42386443125 0.2038826765625 0.43009854531249997 0.2076863125 0.4352879890625 0.19164383125 0.4338770046875 0.1724177921875 0.425764965625 0.1743681078125 0.4217015984375 0.18884133125 0.42386443125 0.2038826765625
1 0.39565375937499997 0 0.395753253125 0.011456015625 0.3844269265625 0.016447859375000002 0.387066871875 0.0493469 0.3990534671875 0.06015505156249999 0.415659684375 0.05828440781250001 0.3959669359375 0.0840438359375 0.42086947812500003 0.11210345937499999 0.450556709375 0.11731700781250001 0.4819522734375 0.12175112031249999 0.5055274953125 0.12059755624999999 0.5075207374999999 0.1330581078125 0.5140035843749999 0.1330581078125 0.515746965625 0.12556168750000002 0.527693990625 0.12813901562500002 0.5336963328125 0.1445764125 0.541310909375 0.148206840625 0.5422707859375 0.1325627359375 0.5704034453125 0.1318491203125 0.5704034453125 0.1069591953125 0.5498989265625001 0.0924547953125 0.538492328125 0.072948159375 0.529848909375 0.0522671796875 0.5138091218749999 0.052125148437500005 0.5071193765625 0.06858333125 0.477548596875 0.06507414375000001 0.45306098281249996 0.052582415625000004 0.42976275781249995 0.047628679687499995 0.417166771875 0 0.39565375937499997 0
1 0.5028355421875 0 0.50245226875 0.006207828125 0.49972752812500004 0.032407200000000004 0.502814059375 0.0461737359375 0.530822353125 0.0493988640625 0.540830403125 0.0434890203125 0.5429299249999999 0.02284614375 0.5313141640625 0 0.5028355421875 0
1 0.3800345546875 0.012079564062500001 0.365558384375 0.0031039484375 0.3501245953125 0.0121523125 0.34980124375 0.0280874046875 0.36037233125 0.036120771875 0.369564090625 0.0378320640625 0.37823125156250004 0.029580456249999998 0.3800345546875 0.012079564062500001
1 0.232714296875 0.05352813125 0.2390128578125 0.06693439531249999 0.2497817984375 0.07518946875 0.258699953125 0.07685918750000001 0.265814803125 0.105168228125 0.2756996171875 0.1112235640625 0.29569310625 0.11222470468750001 0.29139231250000003 0.13793909531249998 0.29390563125 0.15328528749999998 0.2993856375 0.1644952796875 0.30878655625 0.168558728125 0.31973752499999997 0.17122612343750002 0.3258811921875 0.166511415625 0.33488300937500004 0.1362347359375 0.324397846875 0.121006328125 0.30732017031250003 0.1187650203125 0.3032115796875 0.099722584375 0.329413178125 0.093511359375 0.321842696875 0.0669759640625 0.30628341406250004 0.0408631953125 0.28625035468750004 0.025316084375 0.268652603125 0.04802013125 0.26028618125 0.048040915625 0.250435284375 0.0083763875 0.24230289531250002 0 0.23574542968749998 0.010340559374999999 0.23789695625 0.03360233125 0.232714296875 0.05352813125
1 0.2307131390625 0.14763525625 0.23249609218749998 0.16107269531249999 0.242015725 0.17929413125 0.25362582968749997 0.17822370781250002 0.26098941249999996 0.1591397 0.2512741875 0.145487484375 0.2307131390625 0.14763525625
1 0.15359394843750002 0.3225229203125 0.1591282234375 0.3094041796875 0.1609337890625 0.29054187656249997 0.150104925 0.2859518765625 0.13961637031250002 0.2859518765625 0.13637268593750002 0.2966076046875 0.137534940625 0.3151927765625 0.144952790625 0.3225229203125 0.15359394843750002 0.3225229203125
1 0.028562292187499998 0.32536352343749997 0.037186490625 0.3580928203125 0.056961773437499995 0.3838903515625 0.07975122812499999 0.386221728125 0.0979572421875 0.3943901953125 0.1262018296875 0.396073771875 0.13010352187500002 0.3822033125 0.1317530640625 0.34938394375000004 0.1235980640625 0.32036128750000004 0.09884363125 0.3054204046875 0.0944795234375 0.2849368796875 0.1044299125 0.2668089796875 0.10471369374999999 0.25002863125 0.09265586875000001 0.2302414 0.0622314875 0.225523228125 0.053123393750000004 0.25100205625 0.043759785937500004 0.2733181203125 0.029801428125 0.28472556875 0.028562292187499998 0.32536352343749997
1 0.123402471875 0.25340964375 0.1219179953125 0.2396569640625 0.1134633875 0.2396569640625 0.10965666562500001 0.2470148203125 0.11139100312500001 0.2643806078125 0.12041317031250001 0.26571084375 0.123402471875 0.25340964375
1 0.0463364171875 0 0.0280105609375 0.013735428124999999 0.023098115625000002 0.00350925625 0.0128797734375 0.0011467046875 0.009168021875 0.019759587500000002 0 0.02827793125 0 0.079540440625 0.0150606953125 0.0884918078125 0.02528016875 0.1043472234375 0.042443770312500004 0.110724728125 0.0581477703125 0.1178608796875 0.0680585890625 0.1095780921875 0.0723356390625 0.101925784375 0.107003153125 0.1084106765625 0.086176415625 0.147947028125 0.10946107187500001 0.165880940625 0.1173209875 0.186246684375 0.12183546249999999 0.19817029218749999 0.1259203125 0.19596362812499998 0.13272311718750002 0.17874333125 0.1569902640625 0.1737895953125 0.1557782640625 0.1546466953125 0.146774184375 0.12906394375000002 0.169989875 0.1346135125 0.17561572812499998 0.1471953078125 0.197926940625 0.1519411953125 0.216925503125 0.11041988437500001 0.216794353125 0.10874323125 0.210697040625 0.0823567953125 0.20510849687500002 0.0666711203125 0.1970789921875 0.0415490953125 0.1873773359375 0.04432734375 0.17577288124999998 0.0357154640625 0.167600921875 0.0243461234375 0.17093279374999998 0.0097689765625 0.173233559375 0 0.0463364171875 0
1 0.08061178125 0.42417250781250004 0.08472424375 0.4293739921875 0.09649311875 0.4251108796875 0.099815296875 0.4120545921875 0.0959114078125 0.404593471875 0.088555090625 0.40022520000000006 0.081474228125 0.40091279999999996 0.07976341718749999 0.41280690781249996 0.08061178125 0.42417250781250004
1 0.40080677343750004 0.504695359375 0.3974139359375 0.5223431078125 0.37179209687500003 0.52175115625 0.37453036093750003 0.532171140625 0.3808114359375 0.535871515625 0.3925840359375 0.540428740625 0.4124946859375 0.541626159375 0.42714317343749997 0.5350308921875 0.4275048640625 0.52254583125 0.4113893234375 0.5213619281249999 0.4076630234375 0.5038114874999999 0.40080677343750004 0.504695359375
1 0.133216984375 0.45868438749999996 0.11699200937500001 0.44542846875000003 0.10828974375 0.45996947656250003 0.112282446875 0.4723260765625 0.12552194375 0.47754357656249996 0.13304150625 0.4760680203125 0.1360277703125 0.4610713234375 0.133216984375 0.45868438749999996