1 0.2960117328125 0.74987859375 0.2803152015625 0.75945294375 0.2886153109375 0.7735345062500001 0.29824786875 0.7723517015625 0.306504353125 0.7646635453124999 0.303408171875 0.75460978125 0.2960117328125 0.74987859375
1 0.502119946875 0.7179431375 0.4912833140625 0.7161689453125 0.4761464234375 0.7203087453125 0.4639337140625 0.7220829375 0.45533321562499995 0.7297710937499999 0.44501261249999996 0.7327280890625001 0.43916741718749996 0.72917970625 0.42833078281250003 0.732136675 0.42179440625 0.73036248125 0.4164620890625 0.7238571296874999 0.41388193749999996 0.7350936703125 0.4042493796875 0.7392334421875 0.3934127453125 0.7398248578125 0.3801679609375 0.7421904375 0.374276321875 0.7356850578125 0.370664109375 0.7433732421875 0.3627516421875 0.7475130140624999 0.35759134062500003 0.7368678625 0.3503669171875 0.7415990484375 0.345722646875 0.74987859375 0.3357460578125 0.7510613984375001 0.322329271875 0.7528355890625 0.316966215625 0.768318315625 0.3334781 0.7693947062500001 0.35515136875 0.7676205140625 0.42845945468749996 0.74987859375 0.4465205109375 0.7469216249999999 0.47387011093750003 0.7392334421875 0.49399528750000005 0.7368678625 0.5210008562499999 0.7250399062499999 0.534761671875 0.7161689453125 0.5290853390625 0.7161689453125 0.5149805093750001 0.71498616875 0.502119946875 0.7179431375
1 0.3521551375 0.7102866078125001 0.348378528125 0.7068756859375 0.347210159375 0.7095537140625 0.3491574375 0.7135707499999999 0.3521551375 0.7102866078125001
1 0.3880057171875 0.7045324203125001 0.38625316249999997 0.6998458734375 0.38089813437500003 0.70151964375 0.38284542187500004 0.7092189671875 0.3869347140625 0.7075451968750001 0.3880057171875 0.7045324203125001
1 0.39157679375 0.6983277796875 0.39206362031249997 0.703014325 0.394400359375 0.707700871875 0.398002825 0.7020100671875 0.39498454375000003 0.6979930328124999 0.39157679375 0.6983277796875
1 0.4164743125 0.6948043312500001 0.4165841203125 0.7012539734375001 0.41968732812500004 0.7035079125 0.4228029765625 0.707859696875 0.4276711796875 0.7098682140625 0.43468139531250005 0.7098682140625 0.4362392234375 0.702838403125 0.433902484375 0.6954738421875 0.43088419531250005 0.6964781015625 0.4292290078125 0.689448290625 0.42533444062500003 0.692461065625 0.4240687125 0.696143353125 0.420076778125 0.6951390953125001 0.4164743125 0.6948043312500001
1 0.45821345 0.6907670484375 0.4499375078125 0.69545359375 0.4511058765625 0.7008096359375 0.4541241578125 0.7068351890625 0.4726233421875 0.7078394484375 0.48654640625 0.70549618125 0.49978792656250004 0.705161434375 0.5070902359375 0.7041571765625 0.5123478968749999 0.701479146875 0.514003084375 0.6984663703125 0.510205884375 0.688089034375 0.5041693125 0.68440673125 0.491706709375 0.6864152484375 0.47817309531249996 0.6897627875000001 0.468631415625 0.6887585296875 0.45821345 0.6907670484375
1 0.5188482078125001 0.690596834375 0.5209902125 0.6949486171875 0.5293635328125 0.6969571343750001 0.5323818140625 0.7043216953125 0.5399762140625 0.7029826875 0.554288746875 0.7033174359375 0.5686986375 0.7009741703125 0.581161240625 0.7013089171875 0.586641571875 0.691719525 0.5907029203125 0.67720670625 0.587781996875 0.67720670625 0.5824269765625 0.6782109640625 0.57298265625 0.680888978125 0.5708406421875 0.6768719437499999 0.5686986375 0.6768719437499999 0.5615910546875 0.67754146875 0.548641625 0.6782109640625 0.5362763890625 0.681558503125 0.5247874125 0.6862450359375 0.5188482078125001 0.690596834375
1 0.6000159203125001 0.683091153125 0.6102391515625001 0.6834259 0.6099470593749999 0.6804131234375 0.6054683078124999 0.6797436125 0.6000159203125001 0.683091153125
1 0.6940845265625 0.66602065 0.6839586625 0.6653511390625 0.6676988500000001 0.6697029234375 0.6530942343749999 0.6710419437499999 0.6475444796875001 0.6640121328124999 0.637613340625 0.6640121328124999 0.633426690625 0.668363915625 0.6329398640624999 0.674724215625 0.6249191078125 0.6821850765625 0.638197525 0.6834277984375 0.6520232312500001 0.6824235390625 0.6598123578124999 0.6827582875 0.670522415625 0.68443205625 0.6834718359374999 0.6817540296875 0.6958370796875 0.679076015625 0.70197101875 0.680080275 0.712681071875 0.6794107625 0.7234884890625 0.678406503125 0.720567565625 0.6730504625 0.6996342796875 0.6720462031250001 0.6940845265625 0.66602065
1 0.6563234765625 0.69528006875 0.64886025 0.7010741640625 0.6435637484375001 0.702729684375 0.6363412546875 0.7019019234375 0.6274335078125 0.7002464796875 0.6120255390625 0.7043851296875 0.6033585484375 0.69941871875 0.5915618046875 0.7043851296875 0.579765059375 0.7043851296875 0.5619495640625 0.7085237796875 0.551115825 0.711006984375 0.5422081000000001 0.7159733953125 0.53314269375 0.7228834765625 0.6494993265625 0.7234230484374999 0.6780732046875 0.72268294375 0.7096114140625 0.72516615 0.7035926625 0.715233328125 0.7214834906250001 0.711006984375 0.7584013734374999 0.7060405734375 0.7499751390625 0.7035573687500001 0.7112144171875 0.697763275 0.6996584296874999 0.7002464796875 0.683768946875 0.69528006875 0.6683609781250001 0.69528006875 0.6563234765625 0.69528006875
1 0.8766276812499999 0.7183012875 0.8920595312499999 0.714890475 0.8904061140625 0.7031421234375 0.8760765484374999 0.707310884375 0.8766276812499999 0.7183012875
1 0.8402526124999999 0.7129955734375 0.8277969093750001 0.7129955734375 0.81611279375 0.7133745625000001 0.8125855171874999 0.7308076015625 0.8525740859375001 0.7282537312499999 0.8588810609375 0.7186802609375 0.861857203125 0.711858634375 0.8521571796874999 0.7111006875 0.8402526124999999 0.7129955734375
1 0.7674750578125 0.729679978125 0.7836784984375 0.7274061015625 0.792386471875 0.7239952890625 0.7911739640625 0.7156577515625 0.78235576875 0.7156577515625 0.7540273078124999 0.7156577515625 0.73936705 0.7300589515625 0.7519329828125 0.7289220140625 0.7674750578125 0.729679978125
1 0.7836784984375 0.707320196875 0.7928273765625 0.709594071875 0.802527396875 0.707320196875 0.8114558234375 0.704288375 0.821376296875 0.7050463203125 0.804291040625 0.698982659375 0.7981182953125 0.69481388125 0.7907330609375001 0.700119596875 0.785111459375 0.6997406234375 0.774860303125 0.697845721875 0.7663727796875001 0.6963298109375 0.7614125421875 0.6986036859375 0.7691284703125 0.7039093828125 0.7836784984375 0.707320196875
1 0.7728918859375 0.66743224375 0.7368471796875 0.668975621875 0.7262735453125 0.671072959375 0.7238141671875 0.6762449515625 0.7414974890625 0.68079060625 0.769923009375 0.6762449515625 0.7728918859375 0.66743224375
1 0.0854733828125 0.8031069984375 0.07087945 0.8038038796875 0.063379784375 0.8065914359375 0.06601480625 0.81425725625 0.109356046875 0.8074308359375 0.10594542031250001 0.794744296875 0.0980403734375 0.793350503125 0.0917568875 0.7891691515625 0.0854733828125 0.8031069984375