1 0.3521221109375 0.4456130671875 0.3617879828125 0.44373869531250004 0.3671579046875 0.441239540625 0.3752127984375 0.4388965734375 0.374138828125 0.4338982359375 0.36930589375 0.42733792968750006 0.36393594687499997 0.424838775 0.35373309062499997 0.4234329953125 0.3327903671875 0.42296440156250004 0.3311793890625 0.4268693359375 0.32580946875 0.4367097953125 0.32596189375 0.44870294062499994 0.3311793890625 0.45154859218750004 0.335475340625 0.45186098281250003 0.3451412125 0.450923796875 0.34997414843749997 0.44858082968749996 0.3521221109375 0.4456130671875
1 0.4503918109375 0.44295771093749997 0.4466328703125 0.439833759375 0.4396519453125 0.4363974046875 0.433745040625 0.4338982359375 0.4294490875 0.4362412015625 0.42891210312499994 0.4421767265625 0.4294490875 0.44733125312500005 0.42497465781250005 0.454796346875 0.43213406093750006 0.4556097296875 0.43750398281249997 0.45467254375 0.44394789687499997 0.4520171859375 0.4503918109375 0.4495180171875 0.4503918109375 0.44295771093749997
1 0.3523748828125 0.344061071875 0.345393959375 0.3393751390625 0.3384130609375 0.33859415625 0.33626509531250004 0.3454668515625 0.33320673125 0.354958221875 0.33465411875 0.35718168437500003 0.3410980328125 0.3570254828125 0.3496899109375 0.354213921875 0.3523748828125 0.3489032078125 0.3523748828125 0.344061071875
1 0.522756940625 0.3994495265625 0.5200719671875 0.4060098328125 0.52076749375 0.41097069218750004 0.53134881875 0.410070984375 0.5345707765625 0.40569744218750003 0.5345707765625 0.3994495265625 0.5265158828125001 0.3963255765625 0.522756940625 0.3994495265625
1 0.5243679203125 0.38757850625 0.523987421875 0.388237596875 0.516313025 0.38757850625 0.51309106875 0.38867188124999996 0.514702046875 0.390390065625 0.5200719671875 0.39117104999999996 0.5238309343750001 0.390390065625 0.5243679203125 0.38757850625
1 0.4790229703125 0.2753158203125 0.47472704375 0.272972853125 0.467209134375 0.272035665625 0.46506117187499996 0.27640919375 0.46559815625 0.28281331249999997 0.463613784375 0.28816511093749997 0.46613514218749996 0.2910917890625 0.47096807656250006 0.289686009375 0.4779490015625 0.287186840625 0.47955997968749997 0.2807827359375 0.4790229703125 0.2753158203125
1 0.62909066875 0.1175079890625 0.622646753125 0.11500883437500001 0.6156658546875 0.1164146140625 0.6140548765625 0.1192261734375 0.6145918609375001 0.1253178875 0.614145384375 0.12950217656250002 0.620498790625 0.13187819375 0.627479690625 0.1300038203125 0.62909066875 0.12734844843749998 0.629627653125 0.1207881421875 0.62909066875 0.1175079890625
1 0.44758706249999997 0.053466909375 0.4406061390625 0.05409170625 0.440069178125 0.05627846875 0.44597608437499997 0.059090029687500004 0.45617896562500004 0.060183418749999995 0.46844367499999995 0.059428 0.4717517421875 0.0567470625 0.4685297859375 0.0547164875 0.46477084375000005 0.0547164875 0.45671592499999997 0.053466909375 0.44758706249999997 0.053466909375
1 0.45510494687499997 0.0267570765625 0.45027201093749997 0.0237893296875 0.4427541265625 0.0226959546875 0.43523624375000003 0.023633140625 0.43523624375000003 0.026132295312499998 0.4346992328125 0.02894385625 0.4363102125 0.0320678203125 0.43953216875 0.0336297890625 0.44490211406249996 0.0333173984375 0.45027201093749997 0.031755415625 0.45403097812500004 0.0305058375 0.45510494687499997 0.0267570765625
1 0.5940055109375 0.5517357078125 0.5869265546875 0.5514783265625 0.5807324578124999 0.55752690625 0.5794051515625 0.5661493609375 0.5891387375 0.5688519203125 0.5948903875 0.5665354406249999 0.595775265625 0.561516403125 0.595775265625 0.5559825875 0.5940055109375 0.5517357078125
1 0.549762003125 0.5821073328125 0.5563985312499999 0.5832655718749999 0.56215018125 0.5832655718749999 0.567459403125 0.58223601875 0.5701140140625001 0.5813351734375 0.5727686249999999 0.5800482359375 0.56922915625 0.5767022140625 0.5648047921875 0.5759300546875 0.5541863484375 0.5756726609375 0.5506468812499999 0.5782465343750001 0.5471073921875 0.5799195390625 0.549762003125 0.5821073328125
1 0.4204663875 0.713096709375 0.4204663875 0.710265453125 0.4169269 0.70820636875 0.411617678125 0.7065333515625001 0.40321141718750003 0.7066620484375 0.3983446234375 0.7107802296875 0.3970173171875 0.7155418859375 0.3983446234375 0.7169575078125 0.4067509046875 0.7174722859375 0.4125025546875 0.7174722859375 0.41736934843749995 0.7159279656249999 0.4204663875 0.713096709375
1 0.4160420421875 0.749130834375 0.40984794375 0.746428275 0.4036538453125 0.7468143546875 0.4018841109375 0.7495169140625 0.40099923437499996 0.7560802718749999 0.402204578125 0.75992028125 0.404538721875 0.7605845328124999 0.41294498281249997 0.7600697624999999 0.41648447187500004 0.7571098140625 0.41648447187500004 0.753249015625 0.4160420421875 0.749130834375
1 0.3722409625 0.737805821875 0.37931991875 0.7369049640625 0.3789913671875 0.7340457375 0.3779926125 0.7342024046875 0.371798515625 0.733687640625 0.36737416875 0.7348458796874999 0.36737416875 0.736518884375 0.3722409625 0.737805821875
1 0.3048009515625 0.7831273328125 0.301261484375 0.7848003375 0.2987399859375 0.7877257609375 0.305685828125 0.791235009375 0.31409208906249997 0.790977615625 0.3202861890625 0.7880176734375001 0.317631578125 0.781454315625 0.312764784375 0.7799099968750001 0.3048009515625 0.7831273328125
1 0.4016942484375 0.829842996875 0.392845559375 0.8289421406249999 0.38709388906250003 0.8301003796875 0.38399685 0.83537680625 0.3875363375 0.8379506734375 0.39461529375 0.8383367546875 0.4047913078125 0.8360202749999999 0.4061186125 0.8335750984375 0.4016942484375 0.829842996875
1 0.3793341359375 0.8989800625000001 0.3793341359375 0.89486186875 0.3749097921875 0.8912584656250001 0.367830815625 0.8894567515625 0.3589821265625 0.8904863046875 0.3541153328125 0.8933175500000001 0.3558850671875 0.8978218234374999 0.3558850671875 0.9023260843750001 0.3558850671875 0.9059295 0.360751859375 0.9073451218749999 0.36606108125 0.9077312015624999 0.371370303125 0.9065729625 0.377564403125 0.9034843234375 0.3793341359375 0.8989800625000001
1 0.3019079921875 0.8969209656249999 0.29881093124999997 0.9006530671874999 0.29836850312499996 0.9060581859375001 0.2979260765625 0.9144232578124999 0.29925338125 0.9212439984374999 0.3020561578125 0.925980784375 0.30854451875 0.9222735406250001 0.3072172140625 0.9173831984374999 0.3072172140625 0.912106778125 0.3072172140625 0.9060581859375001 0.3063323359375 0.9002669875 0.3019079921875 0.8969209656249999
1 0.5707381296875 0.898397775 0.5618894390625 0.8999420953125 0.5599229640625001 0.9030307343749999 0.5667562125 0.9045750531250001 0.5756049421875 0.9048324359375 0.58135659375 0.9029020375 0.5809141640625 0.8994273187499999 0.5707381296875 0.898397775