1 0.8376137796875 0 0.8015330953124999 0.132886209375 0.791009565625 0.22077841875 0.791009565625 0.2986132703125 0.7774792625 0.35370989375 0.7714658359375 0.434605665625 0.7714658359375 0.48839042499999996 0.7474120671875 0.611331715625 0.7368884765625 0.66774013125 0.6797607343750001 0.8299781265625 0.6466867625 0.9844664625 0.676754084375 0.9521081406249999 0.702311178125 0.8510977234375 0.741398578125 0.7444027328125 0.763949021875 0.668316971875 0.7759759374999999 0.613220384375 0.79702299375 0.521392690625 0.830096965625 0.404839675 0.8511440218749999 0.2482953703125 0.8721911406249999 0.100059296875 0.88572138125 0 0.8376137796875 0
1 0.5938054609375001 0.0361097421875 0.5944699625000001 0.046739945312499996 0.5938054609375001 0.05775670468750001 0.5805156874999999 0.0660675875 0.5884895625000001 0.068966734375 0.6004503625 0.07573142031249999 0.6034405625 0.083462471875 0.6144046640624999 0.0890674875 0.6250364890625 0.0867481703125 0.6376617890625 0.0811431546875 0.6482936140625 0.0726389921875 0.656267490625 0.062202065625000004 0.654274040625 0.0430676953125 0.653609540625 0.033790426562499996 0.6389907640625 0.0285719625 0.6157336124999999 0.025866093750000003 0.6024438390625 0.026445921875 0.5938054609375001 0.029345068749999998 0.5938054609375001 0.0361097421875
1 0.38599669531249997 0.2177609453125 0.39197709375 0.22143318750000002 0.3999509421875 0.2241390546875 0.4152342203125 0.22220630625 0.42121461875 0.2171811140625 0.42121461875 0.209836596875 0.4189433671875 0.20523172343749999 0.40726034375 0.20384503125000003 0.3986219671875 0.20481142187499998 0.3893191171875 0.20790383281249997 0.3873256421875 0.212349209375 0.38599669531249997 0.2177609453125
1 0.39596401718749996 0.2566095 0.4065958421875 0.256996059375 0.41390524375000004 0.254676734375 0.41390524375000004 0.2508112046875 0.4126675578125 0.2456896875 0.401279915625 0.24539946875 0.3952995171875 0.247138946875 0.38998361875 0.24984483124999998 0.3873256421875 0.2521641390625 0.39596401718749996 0.2566095
1 0.305593384375 0.1881896390625 0.3122383125 0.1870299765625 0.3182187125 0.1820048015625 0.3195476875 0.1707947625 0.308915834375 0.1696351078125 0.2969550359375 0.1698283796875 0.2969550359375 0.17620650625 0.299612984375 0.183357734375 0.305593384375 0.1881896390625
1 0.3362122890625 0.9652304984375 0.3362122890625 0.9706422343750001 0.3355477875 0.9752808671875 0.3388702671875 0.9795329562499999 0.343521690625 0.98069261875 0.3548180171875 0.9797262281249999 0.3588049671875 0.9752808671875 0.3647853671875 0.9687094703125 0.366778815625 0.963297734375 0.366778815625 0.9598187640625 0.366778815625 0.9546003000000001 0.355482490625 0.953247365625 0.351495565625 0.9503482109375 0.3421926890625 0.9493818359375 0.3342188140625 0.9518944312500001 0.333554340625 0.955953234375 0.3362122890625 0.9619448 0.3362122890625 0.9652304984375
1 0.435221271875 0.9198105296874999 0.436550246875 0.917684509375 0.429240871875 0.9153651859374999 0.41528657031250005 0.9163315593749999 0.40797719531250004 0.9198105296874999 0.40370211874999995 0.9285157140625 0.41262862031249997 0.9300541859375 0.419938021875 0.9288945234374999 0.4232604734375 0.9267684875000001 0.42658292343750004 0.9223231421874999 0.435221271875 0.9198105296874999
1 0.4664523 0.92870126875 0.46578780000000003 0.9244491796875 0.46047190000000005 0.9200038171875 0.44253067343749997 0.9240626359374999 0.4392082234375 0.9290878125 0.4345567984375 0.9362390406250001 0.438543721875 0.93817180625 0.45116907656249994 0.9406843859375 0.46379435 0.9414575046874999 0.4664523 0.9387516203124999 0.4664523 0.92870126875
1 0.5151209421875 0.8861355874999999 0.52243034375 0.8888414546875 0.530404246875 0.8886481828124999 0.5310686921875 0.884782653125 0.5317331937499999 0.87840454375 0.532804446875 0.8703084484374999 0.5277462421875 0.8724129609375 0.51777891875 0.8745389984375 0.5157854421875 0.8770515937500001 0.5151209421875 0.8816902265625 0.5151209421875 0.8861355874999999
1 0.5197723671875 0.841102178125 0.5217658421875 0.8467072015625 0.526528640625 0.851254053125 0.53505564375 0.85057273125 0.5397070687500001 0.8465139296874999 0.538378121875 0.8422618406250001 0.5310686921875 0.8393627015625 0.5197723671875 0.841102178125
1 0.38202979843749996 0.7832596609375 0.368739996875 0.7830663734375001 0.366746521875 0.7877050062500001 0.368075496875 0.7940831328125 0.37232308125 0.7969620749999999 0.38468774843750003 0.7948562515625001 0.390003675 0.7927301984375 0.3926616234375 0.787511734375 0.39133264843750004 0.7851924109375 0.38202979843749996 0.7832596609375
1 0.40925381875 0.8371689171875 0.40925381875 0.8292445687500001 0.40593136875 0.8257655984375001 0.39662849218749996 0.8247992249999999 0.3939705703125 0.8334966578125 0.3886546171875 0.8410344468750001 0.38466769218749997 0.849152065625 0.38400321875 0.849152065625 0.3939705703125 0.849731896875 0.40260891875000004 0.848378946875 0.40327339218749997 0.842773940625 0.40925381875 0.8371689171875
1 0.4924326578125 0.24921871874999998 0.4811363046875 0.25037838125 0.4811363046875 0.2544371828125 0.48797725 0.2571745296875 0.491768184375 0.256756490625 0.5023999828125 0.25482374218750004 0.5023999828125 0.2538573515625 0.5004065343749999 0.24979855 0.4924326578125 0.24921871874999998
1 0.5668555140625 0.347403140625 0.5548946875 0.346630053125 0.5416048859375 0.3485628015625 0.5416048859375 0.3522350609375 0.5482497859375 0.356100590625 0.5608750875 0.356100590625 0.5675199859375 0.35281487500000003 0.5721714390625 0.34991573593749997 0.5668555140625 0.347403140625
1 0.4931175921875 0.48060614218750003 0.50723399375 0.47946560781249997 0.5127236984375 0.4751315375 0.5088024765625 0.4648666546875 0.49444520000000003 0.4612491078125 0.491549109375 0.464410428125 0.4829224109375 0.4687445 0.482138184375 0.47376288125 0.482138184375 0.47832505468750003 0.4931175921875 0.48060614218750003