1 0 0.3147751609375 0.01923076875 0.3169164875 0.028846153125000003 0.3147751609375 0.028846153125000003 0.30620985 0.0384615390625 0.30620985 0.0384615390625 0.2890792296875 0.01923076875 0.282655246875 0.009615384375 0.282655246875 0 0.2847965734375 0 0.3147751609375
1 0.89423076875 0.58672376875 0.9326923078125 0.5952890796875 0.9519230765625 0.5931477515625 0.9519230765625 0.5674518203125001 0.9423076921875 0.563169165625 0.9230769234375 0.563169165625 0.89423076875 0.57601713125 0.89423076875 0.58672376875
1 0.615384615625 0.15845824375 0.615384615625 0.175588865625 0.625 0.1777301921875 0.6730769234375 0.1777301921875 0.6826923078125 0.175588865625 0.6826923078125 0.160599571875 0.6730769234375 0.1541755890625 0.6634615390625 0.1520342609375 0.64423076875 0.1520342609375 0.615384615625 0.15845824375
1 0.76923076875 0.4967880078125 0.76923076875 0.5117773015625 0.7980769234375 0.518201284375 0.8076923078125 0.518201284375 0.8269230765625 0.5139186296875 0.8269230765625 0.490364025 0.8076923078125 0.48608137031250004 0.7980769234375 0.48608137031250004 0.778846153125 0.490364025 0.76923076875 0.4967880078125
1 0.8076923078125 0.8372591 0.7980769234375 0.8351177734374999 0.778846153125 0.8351177734374999 0.759615384375 0.84154175625 0.759615384375 0.8629550328125 0.778846153125 0.869379015625 0.7980769234375 0.869379015625 0.8076923078125 0.8672376875 0.8076923078125 0.8543897218750001 0.8173076921875 0.8543897218750001 0.8173076921875 0.8479657390625001 0.8076923078125 0.8479657390625001 0.8076923078125 0.8372591
1 0.2980769234375 0.80085653125 0.2980769234375 0.815845825 0.3173076921875 0.8244111343749999 0.3365384609375 0.8244111343749999 0.346153846875 0.8222698078124999 0.35576923125 0.8179871515625001 0.35576923125 0.798715203125 0.3365384609375 0.7922912203125 0.3173076921875 0.7922912203125 0.2980769234375 0.80085653125
1 0.8846153843750001 0.37259100625 0.875 0.370449678125 0.846153846875 0.370449678125 0.8269230765625 0.3790149890625 0.8269230765625 0.3940042828125 0.846153846875 0.400428265625 0.875 0.400428265625 0.8846153843750001 0.3982869375 0.8846153843750001 0.385438971875 0.89423076875 0.385438971875 0.89423076875 0.3811563171875 0.8846153843750001 0.3811563171875 0.8846153843750001 0.37259100625
1 0.5865384609375 0.5524625265625 0.5865384609375 0.563169165625 0.5769230765625 0.563169165625 0.5769230765625 0.5695931484375001 0.596153846875 0.5781584578125 0.625 0.5781584578125 0.634615384375 0.57601713125 0.64423076875 0.571734475 0.64423076875 0.5567451812499999 0.625 0.5481798718750001 0.60576923125 0.5481798718750001 0.5865384609375 0.5524625265625
1 0.64423076875 0.4068522484375 0.615384615625 0.41541755937499997 0.615384615625 0.426124196875 0.625 0.4325481796875 0.634615384375 0.4346895078125 0.6730769234375 0.4346895078125 0.6826923078125 0.43040685156249997 0.6826923078125 0.42184154218750003 0.6923076921875 0.42184154218750003 0.6923076921875 0.41541755937499997 0.6634615390625 0.4068522484375 0.64423076875 0.4068522484375
1 0.85576923125 0.839400428125 0.875 0.8479657390625001 0.903846153125 0.8479657390625001 0.9134615390624999 0.8436830828125 0.9134615390624999 0.8094218421875 0.89423076875 0.802997859375 0.8846153843750001 0.802997859375 0.85576923125 0.813704496875 0.85576923125 0.839400428125
1 0.153846153125 0.9657387578125001 0.1634615390625 0.9657387578125001 0.1634615390625 0.9743040687500001 0.1923076921875 0.9914346890625 0.2115384609375 0.9914346890625 0.221153846875 0.98501070625 0.221153846875 0.9528907921875 0.2115384609375 0.9486081375 0.1730769234375 0.9486081375 0.153846153125 0.9550321203125 0.153846153125 0.9657387578125001
1 0.25 0.4625267671875 0.25 0.45182012812499994 0.23076923124999998 0.44753747343750006 0.2115384609375 0.44753747343750006 0.1923076921875 0.45610278437499996 0.1923076921875 0.48394004218750003 0.2115384609375 0.490364025 0.23076923124999998 0.490364025 0.24038461562500002 0.48822269843750005 0.25 0.481798715625 0.25 0.47323340468749997 0.259615384375 0.47323340468749997 0.259615384375 0.4625267671875 0.25 0.4625267671875
1 0.4134615390625 0.8736616703125 0.40384615312500005 0.8715203421875 0.375 0.8715203421875 0.346153846875 0.877944325 0.346153846875 0.8993576015625001 0.375 0.9079229124999999 0.40384615312500005 0.9079229124999999 0.4134615390625 0.9057815843749999 0.4134615390625 0.8972162734375001 0.4230769234375 0.8972162734375001 0.4230769234375 0.88222698125 0.4134615390625 0.88222698125 0.4134615390625 0.8736616703125
1 0.625 0.0064239828124999995 0.596153846875 0.0064239828124999995 0.5769230765625 0.008565310937499999 0.5673076921875 0.012847965624999999 0.5673076921875 0.029978587499999997 0.5865384609375 0.0364025703125 0.60576923125 0.038543896875 0.634615384375 0.038543896875 0.64423076875 0.0364025703125 0.653846153125 0.0321199140625 0.653846153125 0.0192719484375 0.64423076875 0.0192719484375 0.64423076875 0.010706637500000001 0.625 0.0064239828124999995
1 0.8365384609375001 0.610278371875 0.8173076921875 0.6188436828125 0.8173076921875 0.640256959375 0.846153846875 0.653104925 0.875 0.653104925 0.8846153843750001 0.6488222703125001 0.8846153843750001 0.6209850109375 0.875 0.6209850109375 0.875 0.6124197 0.8653846156249999 0.610278371875 0.8365384609375001 0.610278371875
1 0.346153846875 0.104925053125 0.3269230765625 0.104925053125 0.2980769234375 0.11349036406249999 0.2980769234375 0.1370449671875 0.3173076921875 0.14346894999999998 0.346153846875 0.14346894999999998 0.365384615625 0.13918629531249999 0.375 0.13276231249999998 0.375 0.11777301874999999 0.365384615625 0.11777301874999999 0.365384615625 0.10920770937499999 0.346153846875 0.104925053125
1 0.759615384375 0.7408993578125 0.759615384375 0.7537473234375 0.75 0.7537473234375 0.75 0.762312634375 0.759615384375 0.762312634375 0.759615384375 0.773019271875 0.76923076875 0.7773019265625 0.778846153125 0.7794432546875 0.7980769234375 0.7794432546875 0.8076923078125 0.7773019265625 0.8173076921875 0.773019271875 0.8173076921875 0.7387580296875 0.7980769234375 0.7323340468749999 0.778846153125 0.7323340468749999 0.759615384375 0.7408993578125
1 0.759615384375 0.044967879687500004 0.75 0.051391862499999996 0.75 0.053533190625000004 0.759615384375 0.053533190625000004 0.759615384375 0.068522484375 0.7980769234375 0.079229121875 0.8173076921875 0.079229121875 0.8365384609375001 0.0749464671875 0.8365384609375001 0.051391862499999996 0.8269230765625 0.044967879687500004 0.8076923078125 0.040685225000000005 0.7884615390625 0.040685225000000005 0.759615384375 0.044967879687500004
1 0.8846153843750001 0.8972162734375001 0.8653846156249999 0.8972162734375001 0.846153846875 0.9014989296874999 0.8365384609375001 0.9079229124999999 0.8365384609375001 0.9271948609375 0.846153846875 0.9271948609375 0.846153846875 0.9379014984375 0.85576923125 0.9421841546874999 0.875 0.9464668093749999 0.89423076875 0.9443254812499999 0.903846153125 0.9379014984375 0.903846153125 0.9143468953125 0.89423076875 0.9143468953125 0.89423076875 0.9014989296874999 0.8846153843750001 0.8972162734375001
1 0.153846153125 0.2869379015625 0.134615384375 0.28051391875 0.125 0.28051391875 0.11538461562499999 0.282655246875 0.11538461562499999 0.293361884375 0.10576923125 0.293361884375 0.11538461562499999 0.3426124203125 0.125 0.3426124203125 0.125 0.35546038593749996 0.14423076875000002 0.35546038593749996 0.153846153125 0.3511777296875 0.153846153125 0.3361884375 0.1634615390625 0.3361884375 0.1634615390625 0.304068521875 0.153846153125 0.304068521875 0.153846153125 0.2869379015625
1 0.85576923125 0 0.846153846875 0.0042826546875 0.846153846875 0.0192719484375 0.8846153843750001 0.040685225000000005 0.9134615390624999 0.0471092078125 0.9326923078125 0.0471092078125 0.9326923078125 0.038543896875 0.9423076921875 0.038543896875 0.9423076921875 0.012847965624999999 0.9134615390624999 0 0.85576923125 0
1 0.1923076921875 0.6830835125 0.1923076921875 0.6702355453125 0.1826923078125 0.6702355453125 0.1826923078125 0.6616702359375 0.1730769234375 0.6595289078125 0.153846153125 0.6595289078125 0.134615384375 0.6702355453125 0.134615384375 0.6895074953125 0.125 0.6895074953125 0.125 0.7130620984375 0.134615384375 0.7130620984375 0.134615384375 0.7259100640625 0.14423076875000002 0.7280513921875 0.1634615390625 0.7280513921875 0.1826923078125 0.7237687359375 0.1923076921875 0.71948608125 0.1923076921875 0.70877944375 0.20192307656250003 0.70877944375 0.20192307656250003 0.6830835125 0.1923076921875 0.6830835125
1 0.0384615390625 1 0.0480769234375 0.9379014984375 0.0480769234375 0.8543897218750001 0.028846153125000003 0.8308351171874999 0.009615384375 0.8286937906249999 0.01923076875 1 0.0384615390625 1
1 0.384615384375 0.5246252671875 0.375 0.5203426125 0.346153846875 0.5203426125 0.3365384609375 0.5267665953125 0.3365384609375 0.5374732328125 0.3269230765625 0.5374732328125 0.3269230765625 0.588865096875 0.3365384609375 0.588865096875 0.3365384609375 0.59743040625 0.365384615625 0.6038543890625 0.384615384375 0.6038543890625 0.40384615312500005 0.599571734375 0.4134615390625 0.5781584578125 0.40384615312500005 0.5781584578125 0.40384615312500005 0.5695931484375001 0.39423076875 0.563169165625 0.384615384375 0.5246252671875
1 0.89423076875 0.2591006421875 0.85576923125 0.2591006421875 0.846153846875 0.263383296875 0.8365384609375001 0.29122055625 0.8173076921875 0.2997858671875 0.8173076921875 0.3169164875 0.8269230765625 0.3169164875 0.8269230765625 0.32548179843749997 0.846153846875 0.33190578125000003 0.85576923125 0.33190578125000003 0.875 0.3276231265625 0.9230769234375 0.3019271953125 0.9230769234375 0.28051391875 0.9134615390624999 0.28051391875 0.9134615390624999 0.26766595312499997 0.89423076875 0.2591006421875
1 0.44230769218750005 0 0.4230769234375 0.002141328125 0.4134615390625 0.0064239828124999995 0.35576923125 0.0492505359375 0.35576923125 0.0706638109375 0.365384615625 0.0728051390625 0.39423076875 0.0728051390625 0.40384615312500005 0.0706638109375 0.4134615390625 0.064239828125 0.4134615390625 0.053533190625000004 0.4230769234375 0.053533190625000004 0.4230769234375 0.0364025703125 0.43269230781249995 0.0364025703125 0.4615384609375 0.029978587499999997 0.490384615625 0.0171306203125 0.528846153125 0.0064239828124999995 0.5384615390625 0 0.44230769218750005 0
1 0.8653846156249999 0.1820128484375 0.8173076921875 0.1820128484375 0.7884615390625 0.18843683125 0.7884615390625 0.19700214062500002 0.778846153125 0.19700214062500002 0.740384615625 0.22483939999999997 0.740384615625 0.2334047109375 0.75 0.23768736562499998 0.778846153125 0.241970021875 0.7980769234375 0.241970021875 0.8365384609375001 0.2334047109375 0.8653846156249999 0.211991434375 0.8653846156249999 0.201284796875 0.875 0.201284796875 0.875 0.184154175 0.8653846156249999 0.1820128484375
1 0.057692307812499996 0.599571734375 0.0384615390625 0.599571734375 0.01923076875 0.6209850109375 0.009615384375 0.7237687359375 0.01923076875 0.7644539609375001 0.028846153125000003 0.7687366171875001 0.0480769234375 0.7665952890625001 0.057692307812499996 0.7366167031249999 0.0384615390625 0.717344753125 0.0384615390625 0.6852248390625 0.0673076921875 0.6038543890625 0.057692307812499996 0.599571734375
1 0.39423076875 0.2762312640625 0.375 0.2719486078125 0.346153846875 0.2719486078125 0.24038461562500002 0.2997858671875 0.23076923124999998 0.304068521875 0.23076923124999998 0.3126338328125 0.221153846875 0.3126338328125 0.221153846875 0.319057815625 0.25 0.3276231265625 0.365384615625 0.3276231265625 0.375 0.3233404703125 0.375 0.3126338328125 0.384615384375 0.3126338328125 0.384615384375 0.2976445390625 0.39423076875 0.2976445390625 0.39423076875 0.2762312640625
1 0.11538461562499999 0 0.096153846875 0.012847965624999999 0.08653846093749999 0.05567451875 0.0769230765625 0.23768736562499998 0.096153846875 0.23768736562499998 0.10576923125 0.22912205624999998 0.14423076875000002 0 0.11538461562499999 0
1 0.7374369421875 0.5597194921875001 0.73043248125 0.544909559375 0.694320240625 0.54331576875 0.6840940578125 0.549872975 0.687844721875 0.5589681093750001 0.7374369421875 0.5597194921875001