1 0.5452001906249999 0.7094228171875 0.544977509375 0.6941121421875 0.5420827546875 0.6803325453125 0.5340664765625001 0.6795670234375 0.523823446875 0.6765048671875 0.5184792609375 0.6803325453125 0.51335775625 0.6856912656249999 0.5104629828125 0.6941121421875 0.5080135703125 0.703298540625 0.50645484375 0.7086572609374999 0.5022240234375001 0.7132504609375 0.4997746109375 0.7216713359375 0.5020013624999999 0.733154334375 0.5042750234375 0.7348313234375 0.5233781046875 0.7369820125000001 0.5362932078125 0.72932665625 0.544086825 0.7277956140625 0.5452001906249999 0.7094228171875
1 0.52271008125 0.6198554359374999 0.526272859375 0.6144966796875 0.5284996093750001 0.6060758390625 0.5253821750000001 0.5945928406250001 0.519147284375 0.589999640625 0.514471121875 0.5884685625 0.5071228671875 0.5892340843749999 0.5013333390625 0.592296240625 0.4984385640625 0.592296240625 0.495766471875 0.593827284375 0.4928716984375 0.6053102828125 0.4928716984375 0.6190898781249999 0.496256515625 0.62236885 0.5057868203125 0.6183243578125001 0.5115763484375 0.6183243578125001 0.51602985 0.6190898781249999 0.52271008125 0.6198554359374999
1 0.2864932015625 0.44276979218749996 0.278922265625 0.4458319125 0.2766955140625 0.4687979078125 0.2797568140625 0.48006939531250004 0.28671586250000003 0.48487410468750003 0.2907240015625 0.46956346406250005 0.2920600484375 0.4534872671875 0.2864932015625 0.44276979218749996
1 0.3250158671875 0.4213348734375 0.32367982031250003 0.4098518765625 0.3156635421875 0.414445075 0.30608853593749996 0.41597611875 0.3023030765625 0.4221003953125 0.30748748593749997 0.4318711921875 0.3132141296875 0.43587999218749995 0.32078504531249996 0.4343489140625 0.325461209375 0.43128679375 0.3250158671875 0.4213348734375
1 0.5894228765625 0.48636177187499996 0.582297303125 0.48483069375000004 0.57160893125 0.48329965 0.5664874265625001 0.48712729374999997 0.5651513796875001 0.49937584687500003 0.568268815625 0.5024379671875 0.5778438218749999 0.5039690453125 0.5854147375000001 0.5024379671875 0.5900909000000001 0.49784476875 0.5894228765625 0.48636177187499996
1 0.605678115625 0.49631369062499997 0.6034513640625 0.49325157031250005 0.6012246343750001 0.49325157031250005 0.59966590625 0.49401709218749995 0.5987752015625001 0.5009068890624999 0.5994947984375 0.509906378125 0.603006021875 0.516217565625 0.6047874109375 0.51315544375 0.605900796875 0.5062656453125001 0.605678115625 0.49631369062499997
1 0.665288534375 0.7164530765625 0.672387496875 0.71794729375 0.6794864671874999 0.71794729375 0.6867303062500001 0.713464640625 0.6874546984375 0.7089819859375 0.6874546984375 0.697526328125 0.684702034375 0.6955340234375 0.6780376953125 0.6925455875 0.6664475515625 0.6955340234375 0.6587690765625001 0.699020546875 0.6577549406250001 0.7074877671875 0.6596383375 0.71794729375 0.665288534375 0.7164530765625
1 0.8028799859375001 0.5532702171875 0.7975195390625001 0.5527721296875 0.792883484375 0.5487875625 0.788537178125 0.5477913875 0.7827421 0.54629716875 0.778540675 0.5453010390624999 0.77462899375 0.5457991265625 0.7720212109375 0.554764434375 0.77057244375 0.5632316562499999 0.7713214359375 0.5647074109375 0.7817279578125 0.568212396875 0.7917244609375 0.568212396875 0.7986785484375 0.562235525 0.8028799859375001 0.5532702171875
1 0.94562475625 0.41626255156249997 0.948838046875 0.4155720953125 0.950243865625 0.4045251453125 0.9466289203124999 0.401072959375 0.9454239390625 0.40659645 0.94562475625 0.41626255156249997
1 0.9397144234375 0.4719032828125 0.9433293671874999 0.4719032828125 0.9447351765625 0.46568936718750004 0.9441326859375 0.4580945390625 0.940548675 0.4567800328125 0.9385094421875 0.46154675625 0.9365011421875 0.467070215625 0.9397144234375 0.4719032828125
1 0.7455324937500001 0.3123670703125 0.7431225312499999 0.3165096796875 0.7415158953125001 0.3247949 0.74171673125 0.3316992421875 0.7441266953125 0.334461003125 0.746335821875 0.3316992421875 0.7479424578125 0.32686620624999996 0.7471391484375001 0.3192714109375 0.7455324937500001 0.3123670703125
1 0.2599008234375 0.5131596953125 0.2619091140625 0.5110883890625 0.2619554609375 0.5012850359375001 0.259097496875 0.5000414390625 0.2568883703125 0.5000414390625 0.2570891875 0.510397965625 0.2599008234375 0.5131596953125
1 0.06786956718750001 0.648140415625 0.064254621875 0.64468823125 0.0596355328125 0.64468823125 0.055418098437499994 0.6453786546875 0.053811453125 0.6529734515625 0.051803153125 0.6598777921875 0.054413943750000006 0.6681630125 0.0598363609375 0.66885346875 0.0658612671875 0.6654013140624999 0.069275384375 0.6571160609375 0.06786956718750001 0.648140415625
1 0.0250927234375 0.7047561140624999 0.025110759375000003 0.69172505 0.021076125 0.6923282828125 0.019268653125 0.70682741875 0.0234860875 0.7075178125 0.0250927234375 0.7047561140624999