1 0.9148423843750001 0.998568553125 0.9574488953125 0.98256315625 0.9571164624999999 0.9535255328125001 0.913805078125 0.94137445 0.8760680593749999 0.9501880125 0.876539003125 0.9832140109375 0.8999938203125 0.9968841156250001 0.9148423843750001 0.998568553125
1 0.8297955781249999 0.9396629828125 0.8467957046875 0.9299239515625001 0.8266467234375 0.9186886046874999 0.8146607578125 0.9237365093750001 0.808190675 0.928580078125 0.8297955781249999 0.9396629828125
1 0.8101236984375 0.9209709203124999 0.814786959375 0.91089673125 0.7922863359375001 0.9097669249999999 0.79039640625 0.9225029140625001 0.8101236984375 0.9209709203124999
1 0.6249198875 0.8975931359375 0.64422548125 0.8845079359374999 0.64495498125 0.8666721453124999 0.614879253125 0.848091440625 0.5893313546875001 0.863260025 0.590390209375 0.8844646890625001 0.6249198875 0.8975931359375
1 0.8205029140625 0.6842220796875 0.8109855515625 0.6732872921874999 0.8318024734374999 0.65822574375 0.82786255625 0.6492975765625 0.816990846875 0.6333127203125 0.8278410109375001 0.619571259375 0.8115303687500001 0.608442946875 0.8291307203124999 0.6009808249999999 0.8307805593750001 0.588263215625 0.8259541609375001 0.579936171875 0.79891955625 0.57028579375 0.7738056640625001 0.5685278390625 0.7572549328125 0.57154209375 0.7434098171875 0.5830239453125 0.7415906828125001 0.6005105234375 0.7271668953125 0.605207053125 0.7227252531249999 0.61428225625 0.7452874328125 0.634562534375 0.7403471500000001 0.6557877421875 0.7620043812499999 0.681256475 0.7504770453125 0.7029563078125001 0.756202234375 0.72168513125 0.776480496875 0.73989824375 0.7952505078125001 0.7328285812499999 0.827407003125 0.7233490265625 0.827407003125 0.7115644515625 0.8255601671875 0.6976608171875001 0.8205029140625 0.6842220796875
1 0.8663013734374999 0.7303527390625 0.84983990625 0.7381932640625 0.84983990625 0.7462402890625001 0.8484424703125001 0.757867015625 0.8455552468749999 0.7694461687499999 0.8707861078124999 0.7620186453125 0.8835231234375 0.75256611875 0.8800049 0.7436325484374999 0.8791553546875001 0.7338102671875 0.8663013734374999 0.7303527390625
1 0.860924003125 0.67727134375 0.853841384375 0.6802953296875 0.853841384375 0.689503515625 0.840556478125 0.69225505 0.8515636234375 0.6982738328125 0.8581629812499999 0.709385928125 0.8640944062499999 0.706796565625 0.879444690625 0.700423165625 0.8792569296874999 0.6909911828124999 0.8752092796875001 0.6836674484375 0.860924003125 0.67727134375
1 0.9067871000000001 0.6280658828125001 0.8898916265624999 0.6322412984375 0.8770314921875 0.6418765390625001 0.8717649328125001 0.6479861375 0.8842557015624999 0.660338315625 0.8975621531250001 0.6711909359375 0.9184714171874999 0.665465146875 0.9261634890625 0.6546319875 0.9282504140625001 0.646259534375 0.923534828125 0.6371940625 0.9067871000000001 0.6280658828125001
1 1 0.5768592078125 0.9853576671875001 0.5691981546875 0.967258671875 0.5691981546875 0.9660212906250001 0.574527159375 0.9637773875000001 0.5819341421875001 0.9637773875000001 0.591634253125 0.9787244484375 0.59950613125 1 0.587774534375 1 0.5768592078125
1 0.9804143015625 0.5486886703125 0.979961828125 0.5366089421875 0.9592464812499999 0.5353580484375 0.9582368765625 0.5491330249999999 0.9804143015625 0.5486886703125
1 0.8818024843750001 0.5552220828125 0.8736394703125001 0.54718154375 0.86179509375 0.5479005109374999 0.8567655453125 0.552402434375 0.8588955593750001 0.5579357765624999 0.872580615625 0.5589477375 0.8818024843750001 0.5552220828125
1 0.5642451640624999 0.5444278453125 0.5877646234375 0.534809903125 0.5752923203125 0.510339075 0.553905959375 0.5095044234375 0.5464570515625 0.519886740625 0.5448503062500001 0.5364056859375 0.5642451640624999 0.5444278453125
1 0.40010476875 0.6981425359375 0.41630276562499996 0.6988143015625 0.414923040625 0.691920109375 0.4017181640625 0.691920109375 0.40010476875 0.6981425359375
1 0.44310194375 0.6841734265625 0.45235151875 0.6897348812499999 0.470062675 0.6851853859375 0.46797882812499997 0.6813991875000001 0.46231827656249996 0.6764994 0.44310194375 0.6778584109375 0.44310194375 0.6841734265625
1 0.35361657812499997 0.8174699296875 0.331660771875 0.81765805 0.3220172125 0.8384778234375 0.33044801874999996 0.8610793375 0.34180605937499997 0.8757376171875 0.3633093875 0.8832008203124999 0.384267903125 0.88098229375 0.38469575312500004 0.872600109375 0.3784103546875 0.8539577796875 0.3624475328125 0.826016446875 0.35361657812499997 0.8174699296875
1 0.37676358906249996 0.7638447125 0.3533764890625 0.772852884375 0.342843365625 0.7872581750000001 0.3598465703125 0.8025262234375001 0.383796959375 0.8164979718750001 0.40490629531250005 0.8137475171874999 0.41804345937500004 0.8015888656250001 0.4095911046875 0.7857953734375 0.3986609109375 0.76616054375 0.37676358906249996 0.7638447125
1 0.25772268593750003 0.76281005 0.2719033140625 0.766401640625 0.2814083625 0.757019390625 0.27596327187499997 0.7426486984375 0.25624214218749997 0.7330794078125 0.25273623125 0.75215311875 0.25772268593750003 0.76281005
1 0.254616925 0.69869764375 0.2813591125 0.71353755625 0.2930465078125 0.699791771875 0.29199380937499997 0.6890883515625 0.269025325 0.6746744125 0.25339801562500003 0.687806103125 0.254616925 0.69869764375
1 0.303271825 0.4627088546875 0.28116211562500004 0.46469925781250004 0.2661935109375 0.45178920468749995 0.2511356375 0.456700884375 0.2530348015625 0.47320145 0.24072255937499998 0.4828583125 0.2417383203125 0.4980798734375 0.24306496718749998 0.514843159375 0.266581346875 0.5216025328125 0.28735209687499996 0.5210706046875 0.288337075 0.505600378125 0.29043939218750003 0.4889841296875 0.287859978125 0.48310049218750006 0.2776592828125 0.47878128281250004 0.2822763734375 0.46923685937500004 0.3052910296875 0.46786055156249995 0.3134325 0.4828885859375 0.32999861875000003 0.48754835781250005 0.350701653125 0.48685858125000003 0.37371015625 0.4720111 0.3792599 0.45042586875 0.3459460515625 0.430367228125 0.31178573906249996 0.43389719375 0.2988363390625 0.4498669140625 0.303271825 0.4627088546875
1 0.450428575 0.42918969687499997 0.4690647171875 0.444641384375 0.48390217187499995 0.43792285 0.47888381718749995 0.4146089671875 0.46509409375 0.41285006874999997 0.45281685781250003 0.4175521015625 0.450428575 0.42918969687499997
1 0.6036360937499999 0.41117137968749995 0.5950420296875001 0.42095477499999995 0.607013003125 0.427888453125 0.618750253125 0.42771294062500004 0.6292597796875 0.41959502656250003 0.6235348843749999 0.41117137968749995 0.6036360937499999 0.41117137968749995
1 0.8110165703125001 0.466046334375 0.831656828125 0.46074416406249996 0.8636958437500001 0.4392373046875 0.8432033390625 0.41564222500000003 0.829376003125 0.41275759531249995 0.8273154703125 0.3912828171875 0.7889766500000001 0.3824364328125 0.74882176875 0.397353090625 0.7480641796875 0.4120640390625 0.7777364 0.43040224218749995 0.7878214625 0.44292683593750004 0.8194467578125 0.4568555296875 0.8050955562500001 0.46059979218749997 0.79672984375 0.4521752015625 0.7714231609375 0.44617287031249997 0.7405769484375 0.46081776718749995 0.7152756375 0.469764175 0.7220616984375 0.490277409375 0.7402545703125 0.4953682078125 0.756319746875 0.4822840515625 0.7713506265625 0.4931318421875 0.797420271875 0.48411560624999994 0.8110165703125001 0.466046334375
1 0.7322354546875001 0.347422590625 0.722041365625 0.33530355625 0.6997784484375 0.3317206171875 0.685386790625 0.33933204687499996 0.68332425 0.3504535078125 0.6890242421874999 0.3610773375 0.7137318953125 0.36226007656250003 0.7275832046875 0.358230428125 0.7322354546875001 0.347422590625
1 0.625411671875 0.31968490625 0.6151319140625 0.3148243296875 0.584592478125 0.31906691875000004 0.581890746875 0.32612632656249996 0.5809385515625001 0.336848525 0.5851394140624999 0.34784037031250004 0.59777165 0.3570280140625 0.61888798125 0.3564308578125 0.6425775406249999 0.3607567703125 0.655021978125 0.358589184375 0.65850786875 0.3503111609375 0.6472199062499999 0.3465314859375 0.6495031984375 0.3362803 0.634887496875 0.3269885 0.625411671875 0.31968490625
1 0.4661545484375 0.377318603125 0.4787373625 0.366292040625 0.477828 0.3407092109375 0.44596076093750003 0.3311581796875 0.4232892875 0.34539850781250003 0.423740675 0.370113378125 0.4465142875 0.377318603125 0.4661545484375 0.377318603125
1 0.6155701234375 0.12656960781249998 0.5910337984375 0.1181307234375 0.57309694375 0.12340560625000001 0.5503694625 0.1346937125 0.5484222390625 0.16851406093750002 0.548119115625 0.173034396875 0.5542441375 0.1790557234375 0.5403236375 0.1862702078125 0.5360832390625 0.213445453125 0.5564878921874999 0.22064836406250002 0.5557202046875 0.2279357546875 0.588388078125 0.2466015234375 0.6110859109375 0.2361119390625 0.6020713546875001 0.22452525156249997 0.622400228125 0.214393265625 0.6163378093749999 0.181616784375 0.6273588921875 0.1636314984375 0.6155701234375 0.12656960781249998
1 0.42626119375 0.178309278125 0.42897280625 0.1775720921875 0.4302709546875 0.1359204296875 0.3974844703125 0.12088505000000001 0.370882309375 0.1364712953125 0.37206184375 0.16412681406250001 0.3938041859375 0.1745458046875 0.42626119375 0.178309278125
1 0.34694234375 0.076018465625 0.3571660859375 0.07034085 0.33145351875 0.065842503125 0.33123276874999996 0.055089057812499995 0.3175396078125 0.04109754375 0.29839026875 0.0420511421875 0.295115246875 0.057608456249999995 0.323348328125 0.070758628125 0.3235657828125 0.0819356375 0.3235657828125 0.09958415625 0.3353479625 0.11387540468749999 0.3374862828125 0.11359649999999999 0.3524018140625 0.10223316874999999 0.34722569375 0.086406209375 0.3361189484375 0.0766989453125 0.34694234375 0.076018465625
1 0.2027984359375 0.18510366875 0.2248537796875 0.1775720921875 0.22552262343749999 0.1527195046875 0.2102743203125 0.14386747187499999 0.17949765625 0.14386747187499999 0.176505984375 0.1617717484375 0.1873788015625 0.17904415 0.2027984359375 0.18510366875
1 0.1109165375 0.117680540625 0.1286985375 0.13046617031250002 0.13986458906250002 0.1129785140625 0.13953181718750002 0.0954399359375 0.11739080625000001 0.08563546093749999 0.09817886875000001 0.09744550156250001 0.097938346875 0.11204227343749999 0.1109165375 0.117680540625
1 0.3379903875 0 0.34345315625 0.016721757812499998 0.3612483328125 0.022417889062499998 0.3779496421875 0.0245565421875 0.38996575 0.0246259796875 0.38996575 0.0148446484375 0.3873661609375 0 0.3379903875 0
1 0.6491770156250001 0.0534515078125 0.6622771125 0.04568384375 0.661110753125 0.027395350000000002 0.6406830375 0.019959825 0.6396089328125 0.017653367187499998 0.6282419 0.025703406249999998 0.6282419 0.036403615625 0.6359978390625 0.046084264062500005 0.6491770156250001 0.0534515078125
1 0.6756144328125 0.11398534687499999 0.68005251875 0.10462989687499999 0.67703119375 0.088905934375 0.669413634375 0.0763182 0.6431310671875 0.079803928125 0.6145355593749999 0.092544421875 0.62035086875 0.099089996875 0.6210526609375 0.10997421562500001 0.64358575 0.1191132546875 0.6684680265625 0.12169630312499999 0.6756144328125 0.11398534687499999
1 0.774599903125 0.0897819953125 0.7476254328125 0.09083511875 0.7350821562500001 0.097579746875 0.73717105625 0.111570103125 0.7486468203125 0.1298736421875 0.771865228125 0.126640203125 0.7860130671875 0.11973239843750001 0.786886190625 0.1094927859375 0.7855616828125 0.0989094609375 0.774599903125 0.0897819953125
1 0.737411575 0.17052425625 0.7120943843750001 0.168147203125 0.6966846343750001 0.1769263296875 0.6933305375 0.1932208296875 0.70225613125 0.21223493906250002 0.7354972984375 0.20841128593749997 0.7470093062500001 0.2040286671875 0.755476925 0.19434917812500002 0.7512694734375 0.18348810625 0.737411575 0.17052425625
1 0.8881119625 0.2354807703125 0.8663527984374999 0.21745355625 0.8357144515625 0.23680262187499998 0.8346871531250001 0.2573865 0.851717634375 0.27708007968750004 0.8729966984375 0.2804200640625 0.8892270218749999 0.26560772187500004 0.8881119625 0.2354807703125
1 0.804482440625 0.2972723 0.7732504296875 0.2783058296875 0.7314563171875 0.2976585203125 0.7431489625000001 0.314536140625 0.75073240625 0.3282532875 0.7777158328125 0.335063809375 0.804482440625 0.3171997875 0.804482440625 0.2972723
1 0.4542086421875 0.3102114984375 0.4769539 0.30738110937499996 0.4766380484375 0.2780288203125 0.46454488437499997 0.2584393625 0.44431459687499997 0.266590775 0.4542086421875 0.3102114984375
1 0.1740562765625 0.32459642187500004 0.2086025328125 0.34003251562500003 0.2233409515625 0.304381534375 0.199865290625 0.280350265625 0.17871508593750002 0.268307590625 0.1710359484375 0.284190221875 0.1655756640625 0.3011947453125 0.1740562765625 0.32459642187500004
1 0.722180690625 0.7228867921875 0.7084743953125 0.7551419734375 0.7129052578125 0.7647199687499999 0.739502425 0.7572058328125 0.7391127015625 0.7325616609375001 0.722180690625 0.7228867921875
1 0.7292137125 0.7972320796875 0.7097514890625 0.793165434375 0.6969745374999999 0.8039459421874999 0.7027484484375 0.8234641609375 0.7329250828125 0.818852065625 0.7292137125 0.7972320796875