1 0.0167859890625 0.123460996875 0.0498119875 0.12393194062499999 0.058625550000000005 0.086194921875 0.0464744671875 0.0428835375 0.01743684375 0.0425511046875 0.001431446875 0.085157615625 0.003115884375 0.1000061796875 0.0167859890625 0.123460996875
1 0.07007604843750001 0.1532042953125 0.060337017187499994 0.170204421875 0.071419921875 0.191809325 0.076263490625 0.1853392421875 0.0813113953125 0.1733532765625 0.07007604843750001 0.1532042953125
1 0.0774970859375 0.20960359374999998 0.090233075 0.2077136640625 0.08910326874999999 0.185213040625 0.0790290796875 0.1898763015625 0.0774970859375 0.20960359374999998
1 0.151908559375 0.38512074687500003 0.1333278546875 0.35504501875 0.11549206406250001 0.35577451875 0.10240686406249999 0.3750801125 0.1155353109375 0.40960979062499997 0.13673997499999999 0.41066864531249997 0.151908559375 0.38512074687500003
1 0.34421225781250003 0.25965285 0.365437465625 0.2547125671875 0.38571774375 0.277274746875 0.394792946875 0.2728331046875 0.3994894765625 0.25840931718750004 0.4169760546875 0.2565901828125 0.42845790624999996 0.2427450671875 0.43147216093749996 0.2261943359375 0.42971420625 0.20108044375 0.420063828125 0.17404583906249999 0.41173678437500005 0.169219440625 0.399019175 0.17086927968750001 0.391557053125 0.18846963125 0.380428740625 0.1721589890625 0.3666872796875 0.183009153125 0.3507024234375 0.17213744375 0.34177425625 0.1681975265625 0.3267127078125 0.18901444843749998 0.3157779203125 0.1794970859375 0.3023391828125 0.1744398328125 0.28843554843749997 0.17259299687500002 0.2766509734375 0.17259299687500002 0.26717141875 0.2047494921875 0.26010175625 0.223519503125 0.27831486875 0.24379776562500002 0.29704369218750004 0.24952295468750002 0.318743525 0.23799561875 0.34421225781250003 0.25965285
1 0.2696472609375 0.1336986265625 0.26618973281249997 0.12084464531250001 0.25636745156249996 0.1199951 0.24743388125000002 0.11647687656250001 0.23798135468749998 0.12921389218749998 0.23055383125 0.154444753125 0.24213298437500003 0.1515575296875 0.2537597109375 0.15016009375 0.2618067359375 0.15016009375 0.2696472609375 0.1336986265625
1 0.3197046703125 0.14615861562500002 0.32272865624999997 0.139075996875 0.3163325515625 0.1247907203125 0.3090088171875 0.1207430703125 0.299576834375 0.120555309375 0.29320343437499996 0.13590559375 0.290614071875 0.14183701875000002 0.3017261671875 0.1484363765625 0.30774495 0.159443521875 0.310496484375 0.14615861562500002 0.3197046703125 0.14615861562500002
1 0.3677587015625 0.11010837343749999 0.3719341171875 0.0932129 0.3628059375 0.076465171875 0.353740465625 0.0717495859375 0.3453680125 0.0738365109375 0.334534853125 0.0815285828125 0.3288090640625 0.10243784687499999 0.339661684375 0.1157442984375 0.3520138625 0.1282350671875 0.3581234609375 0.12296850781249999 0.3677587015625 0.11010837343749999
1 0.412225465625 0 0.40049386875000004 0.0212755515625 0.40836574687500005 0.0362226125 0.41806585781249994 0.0362226125 0.425472840625 0.033978709375 0.43080184531250004 0.032741328125000004 0.43080184531250004 0.0146423328125 0.4231407921875 0 0.412225465625 0
1 0.450866975 0.0417631234375 0.46464195156250004 0.04075351875 0.46339105781249995 0.020038171875 0.4513113296875 0.0195856984375 0.450866975 0.0417631234375
1 0.447597565625 0.1432344546875 0.4520994890625 0.13820490624999998 0.45281845625 0.1263605296875 0.44477791718750004 0.118197515625 0.44105226249999996 0.127419384375 0.4420642234375 0.141104440625 0.447597565625 0.1432344546875
1 0.4904955765625 0.44609404062499997 0.489660925 0.42470767968749995 0.46519009687499996 0.41223537656250003 0.45557215468749995 0.43575483593750003 0.46359431406249996 0.45514969375 0.48011325937500005 0.45354294843750004 0.4904955765625 0.44609404062499997
1 0.308079890625 0.5982818359375 0.308079890625 0.585076959375 0.3011856984375 0.583697234375 0.30185746406249997 0.59989523125 0.308079890625 0.5982818359375
1 0.3186008125 0.5320211718750001 0.3148146140625 0.529937325 0.31026511874999996 0.54764848125 0.3158265734375 0.55689805625 0.3221415890625 0.55689805625 0.32350059999999997 0.5376817234375 0.3186008125 0.5320211718750001
1 0.18234195 0.668339228125 0.1825300703125 0.646383421875 0.173983553125 0.6375524671874999 0.1460422203125 0.6215896453124999 0.12739989062499998 0.615304246875 0.11901770625000001 0.615732096875 0.1167991796875 0.6366906125 0.12426238281249999 0.658193940625 0.1389206625 0.6695519812499999 0.1615221765625 0.6779827875 0.18234195 0.668339228125
1 0.2361552875 0.6232364109375 0.23383945625 0.6013390890625 0.2142046265625 0.5904088953125 0.198411134375 0.581956540625 0.1862524828125 0.5950937046875 0.183502028125 0.6162030406250001 0.1974737765625 0.6401534296875 0.212741825 0.6571566343749999 0.227147115625 0.6466235109375 0.2361552875 0.6232364109375
1 0.2573513015625 0.724036728125 0.242980609375 0.7185916375 0.233598359375 0.7280966859375 0.23718995 0.7422773140625 0.24784688125 0.74726376875 0.2669205921875 0.7437578578124999 0.2573513015625 0.724036728125
1 0.31091164843749997 0.708006190625 0.300208228125 0.7069534921875 0.28646244374999996 0.7186408875 0.30130235625 0.745383075 0.312193896875 0.746601984375 0.32532558749999996 0.730974675 0.31091164843749997 0.708006190625
1 0.5321394484375 0.6947089703125 0.530763140625 0.7177236265625 0.5212187171875 0.7223407171875 0.5168995078124999 0.712140021875 0.5110158703125001 0.7095606078125 0.494399621875 0.711662925 0.4789293953125 0.7126479031249999 0.4783974671875 0.733418653125 0.48515684062500003 0.7569350328125 0.5019201265625 0.7582616796874999 0.5171416875 0.759277440625 0.52679855 0.7469651984375 0.543299115625 0.7488643625 0.5482107953125 0.7338064890625 0.5353007421875 0.718837884375 0.5372911453125 0.696728175 0.5501330859375 0.7011636609375 0.56610280625 0.6882142609375 0.569632771875 0.6540539484375001 0.54957413125 0.6207401 0.5279889 0.62628984375 0.51314141875 0.649298346875 0.5124516421875 0.67000138125 0.5171114140624999 0.6865675 0.5321394484375 0.6947089703125
1 0.5853910328125 0.5211161828125 0.56207715 0.516097828125 0.555358615625 0.5309352828125 0.570810303125 0.549571425 0.5824478984375 0.5471831421875 0.58714993125 0.53490590625 0.5853910328125 0.5211161828125
1 0.572287059375 0.381249746875 0.572111546875 0.392986996875 0.579045225 0.40495797031249997 0.5888286203125 0.39636390625 0.5888286203125 0.37646511562499996 0.5804049734375 0.3707402203125 0.572287059375 0.381249746875
1 0.5478247984375 0.20327015624999997 0.5394002078125 0.19490444375 0.5431444703125 0.1805532421875 0.5570731640625 0.2121785375 0.5695977578125 0.2222636 0.5879359609375 0.2519358203125 0.602646909375 0.25117823125 0.6175635671874999 0.21102335 0.6087171828125 0.1726845296875 0.5872424046875 0.17062399687500002 0.584357775 0.1567966609375 0.5607626953125 0.13630415625 0.5392558359375 0.168343171875 0.533953665625 0.18898342968749998 0.5158843937500001 0.202579728125 0.5068681578125 0.2286493734375 0.5177159484375 0.24368025312500002 0.5046317921875 0.25974542968750003 0.509722590625 0.2779383015625 0.530235825 0.2847243625 0.5391822328125 0.2594230515625 0.5538271296875 0.22857683906249998 0.5478247984375 0.20327015624999997
1 0.6417695718750001 0.27241679531249996 0.6377399234375 0.2862681046875 0.6389226625 0.3109757578125 0.6495464921874999 0.31667575000000003 0.660667953125 0.314613209375 0.6682793828125 0.3002215515625 0.66469644375 0.277958634375 0.652577409375 0.2677645453125 0.6417695718750001 0.27241679531249996
1 0.6521596296875 0.4148605859375 0.663151475 0.4190614484375 0.6738736734375 0.418109253125 0.68093308125 0.415407521875 0.6851756703125 0.3848680859375 0.68031509375 0.374588328125 0.6730115 0.365112503125 0.6637196999999999 0.35049680156249996 0.6534685140625001 0.35278009374999997 0.6496888390625 0.34149213125 0.641410815625 0.344978021875 0.6392432296874999 0.357422459375 0.6435691421875 0.38111201875 0.6429719859375 0.40222835 0.6521596296875 0.4148605859375
1 0.629886621875 0.576259325 0.6546014921875 0.5767107125 0.6688418203125 0.5540392390625 0.6592907890624999 0.5221720000000001 0.633707959375 0.5212626375 0.622681396875 0.5338454515625 0.622681396875 0.5534857125 0.629886621875 0.576259325
1 0.7865545468749999 0.4639167609375 0.8137297921875 0.45967636250000005 0.8209442765625001 0.4457558625 0.8269656031249999 0.45188088437499996 0.8314859390624999 0.4515777609375 0.8653062874999999 0.44963053750000004 0.8765943937499999 0.42690305625 0.8818692765625 0.40896620156249996 0.8734303921875 0.3844298765625 0.8363685015625 0.3726411078125 0.818383215625 0.383662190625 0.7856067343750001 0.377599771875 0.7754747484375 0.3979286453125 0.7638880609375 0.38891408906249997 0.7533984765625 0.41161192187499995 0.7720642453125001 0.4442797953125 0.7793516359375 0.44351210781250006 0.7865545468749999 0.4639167609375
1 0.8358731859375 0.62793815625 0.8635287046875 0.629117690625 0.87911495 0.6025155296875 0.8640795703125 0.5697290453125 0.8224279078125001 0.57102719375 0.821690721875 0.57373880625 0.8254541953125001 0.6061958140625 0.8358731859375 0.62793815625
1 0.94239154375 0.704884753125 0.9579488578124999 0.70160973125 0.95890245625 0.6824603921875 0.9449109421875 0.66876723125 0.934157496875 0.66854648125 0.92965915 0.6428339140625 0.923981534375 0.65305765625 0.9233010546875 0.6638810515625 0.913593790625 0.65277430625 0.89776683125 0.6475981859375 0.8864034999999999 0.6625137171875 0.8861245953125 0.6646520375 0.90041584375 0.6764342171875 0.9180643625 0.6764342171875 0.929241371875 0.676651671875 0.94239154375 0.704884753125
1 0.8382282515625 0.8234940156249999 0.856132528125 0.82050234375 0.856132528125 0.7897256796875001 0.8472804953124999 0.7744773765625 0.8224279078125001 0.7751462203124999 0.8148963312499999 0.7972015640625 0.82095585 0.8126211984375 0.8382282515625 0.8234940156249999
1 0.9025544984374999 0.90182113125 0.9143645390625 0.8826091937499999 0.9045600640625 0.8604681828125 0.8870214859375001 0.8601354109375 0.8695338296875 0.8713014625 0.8823194593749999 0.8890834625 0.8879577265625 0.9020616531250001 0.9025544984374999 0.90182113125
1 1 0.6126338390625 0.9851553515625 0.61003425 0.9753740203125 0.61003425 0.9754434578125 0.6220503578125001 0.9775821109375 0.6387516671875 0.9832782421875 0.6565468437499999 1 0.6620096125 1 0.6126338390625
1 0.9539157359375 0.36400216093750004 0.963596384375 0.3717581 0.9742965937499999 0.3717581 0.9823466328125001 0.3603910671875 0.9800401750000001 0.3593169625 0.9726046500000001 0.338889246875 0.95431615625 0.3377228875 0.9465484921874999 0.35082298437500004 0.9539157359375 0.36400216093750004
1 0.8953701031250001 0.31994748125 0.886014653125 0.3243855671875 0.878303696875 0.3315319734375 0.8808867453125 0.35641425 0.8900257843749999 0.3789473390625 0.900910003125 0.37964913125 0.907455578125 0.38546444062499996 0.920196071875 0.3568689328125 0.9236818 0.330586365625 0.911094065625 0.32296880625 0.8953701031250001 0.31994748125
1 0.9102180046875 0.22540009687499998 0.9010905390625 0.2144383171875 0.8905072140625 0.21311380937500002 0.8802676015625 0.2139869328125 0.8733597968750001 0.22813477187500003 0.8701263578124999 0.25135317968750004 0.8884298968750001 0.26282894375 0.902420253125 0.26491784375 0.9091648812500001 0.2523745671875 0.9102180046875 0.22540009687499998
1 0.82947574375 0.262588425 0.8165118937500001 0.2487305265625 0.805650821875 0.24452307499999998 0.7959713328125 0.25299069375 0.7915887140625 0.2645027015625 0.7877650609375 0.29774386875 0.8067791703125 0.3066694625 0.8230736703125 0.303315365625 0.831852796875 0.287905615625 0.82947574375 0.262588425
1 0.7195799359375 0.1270033015625 0.7229199203125 0.148282365625 0.7426135 0.165312846875 0.763197378125 0.1642855484375 0.78254644375 0.1336472015625 0.7645192296875 0.11188803750000001 0.734392278125 0.110772978125 0.7195799359375 0.1270033015625
1 0.664936190625 0.2222841671875 0.6717467125 0.24926759375000002 0.685463859375 0.2568510375 0.7023414796874999 0.26854368281249996 0.7216941703125 0.22674957031249998 0.7027277 0.19551755937499998 0.6828002125 0.19551755937499998 0.664936190625 0.2222841671875
1 0.692618890625 0.5230461 0.6897885015624999 0.5457913578125 0.733409225 0.555685403125 0.7415606375 0.535455115625 0.7219711796875 0.5233619515625 0.692618890625 0.5230461
1 0.715809778125 0.8289640515625001 0.731692409375 0.8212849140625 0.719649734375 0.8001347093750001 0.695618465625 0.7766590484375 0.659967484375 0.7913974671874999 0.675403578125 0.8259437234375 0.6988052546875 0.8344243359375 0.715809778125 0.8289640515625001
1 0.2448580265625 0.2915256046875 0.2771132078125 0.277819309375 0.26743833906250003 0.2608872984375 0.24279416718750002 0.260497575 0.23528003125 0.2870947421875 0.2448580265625 0.2915256046875
1 0.206834565625 0.29024851093750004 0.2027679203125 0.2707862875 0.181147934375 0.2670749171875 0.1765358390625 0.2972515515625 0.19605405781250002 0.3030254625 0.206834565625 0.29024851093750004