1 0.949860725 0.7797619046875 0.9665738156250001 0.8035714281249999 0.9916434546874999 0.7797619046875 0.949860725 0.7797619046875
1 0 0.4860169046875 0.007510925 0.49439914218750003 0.0182363765625 0.492193303125 0.0176175984375 0.48734042187500004 0.025069637500000002 0.4702380953125 0.0151424875 0.44719380937500003 0 0.446428571875 0 0.4860169046875
1 0.3844011140625 0.684523809375 0.4122562671875 0.684523809375 0.4178272984375 0.6607142859375 0.4122562671875 0.6428571421875 0.37604456875 0.6428571421875 0.373259053125 0.672619046875 0.3844011140625 0.684523809375
1 0.42618384374999996 0.7380952375 0.428969359375 0.7142857140625 0.40389972187499995 0.702380953125 0.40389972187499995 0.7380952375 0.42618384374999996 0.7380952375
1 0.3841239828125 0.3542177921875 0.3899721453125 0.3686064578125 0.3985620921875 0.377599875 0.4122562671875 0.3686064578125 0.4178272984375 0.350749315625 0.40668523749999996 0.3269397921875 0.3899721453125 0.3269397921875 0.3841239828125 0.3542177921875
1 0.40389972187499995 0.4702380953125 0.40668523749999996 0.440476190625 0.3844011140625 0.434523809375 0.3788300828125 0.46428571406249997 0.40389972187499995 0.4702380953125
1 0.7548746515625 0.41071428593750003 0.7417444765625001 0.43087690468749995 0.749303621875 0.45238095312500004 0.7592764562500001 0.46440594687500003 0.7715877437499999 0.4583333328125 0.7774272140625 0.426465171875 0.76979564375 0.41278888125 0.7548746515625 0.41071428593750003
1 0.53780440625 0.31520049375000003 0.5447947765625 0.32516839218750004 0.557027875 0.307724559375 0.556445359375 0.29401875 0.5482899609375 0.26411511249999997 0.5616881390625 0.2616231484375 0.583824228125 0.2628691078125 0.5925621421875 0.2616231484375 0.596639840625 0.266607071875 0.66130056875 0.2591311375 0.6653782671874999 0.2416873578125 0.6781938828125 0.236703434375 0.691009590625 0.2379493921875 0.7061552640625 0.25165525624999996 0.7370293171875 0.2491632921875 0.7515925703125 0.235457428125 0.7440196875 0.22175161875 0.67877649375 0.2180136484375 0.5931447046875 0.21302962499999997 0.5279014156249999 0.214275684375 0.43935700625 0.21925960781249998 0.43993956875 0.222997571875 0.44401726718749995 0.23047350625 0.4492600453125 0.2479172859375 0.455667853125 0.2690990359375 0.46557084375 0.287788821875 0.4847942640625 0.30149463125 0.49353222499999994 0.3264143453125 0.509260509375 0.328906309375 0.513338209375 0.31893846406250004 0.5174159078125 0.31270853593750003 0.5244062781250001 0.3064786078125 0.5313965984375 0.307724559375 0.53780440625 0.31520049375000003
1 0.601671309375 0.3869047625 0.6211699171875 0.3869047625 0.62395543125 0.3452380953125 0.596100278125 0.2916666671875 0.576601671875 0.297619046875 0.57381615625 0.3333333328125 0.601671309375 0.3869047625
1 0.6261925453125 0.45241061875 0.6140232953125 0.4312343875 0.5907160609375001 0.436969625 0.583084490625 0.46476341093749995 0.5905292484375 0.48809523749999995 0.601854028125 0.495645428125 0.6113419296875 0.500498303125 0.6189735015625 0.4912337078125 0.628255134375 0.477998559375 0.6261925453125 0.45241061875
1 0.6573816156250001 0.4761904765625 0.653006175 0.4996159828125 0.6573816156250001 0.5178571421875 0.669506871875 0.5282921125 0.6852367687500001 0.5238095234375 0.6935933140625 0.49404761875 0.682088646875 0.4665281078125 0.6573816156250001 0.4761904765625
1 0.07520685 0.4578921546875 0.06963581875 0.493606440625 0.0844453953125 0.5080754703125 0.10584751875000001 0.505511203125 0.11141854843750001 0.475749296875 0.0955833625 0.45734074375 0.07520685 0.4578921546875
1 0.8384401109375 0.809523809375 0.8495821734375 0.7857142859375 0.8161559890625 0.75 0.8105849578125 0.797619046875 0.8384401109375 0.809523809375
1 0.4122562671875 0.5714285718750001 0.42339832812499995 0.5416666671875 0.3816155984375 0.5297619046875 0.37604456875 0.565476190625 0.4122562671875 0.5714285718750001
1 0.8105849578125 0.559523809375 0.8014648390625 0.5871154828125 0.8077994421874999 0.6130952375 0.8325541812499999 0.6174182203125 0.8479020890625 0.5997416125 0.8467966578125001 0.5833333328125 0.8321606546875 0.559337946875 0.8105849578125 0.559523809375
1 0.5013927578125 0.6130952375 0.5069637890625 0.577380953125 0.46518105781249997 0.565476190625 0.46518105781249997 0.6130952375 0.5013927578125 0.6130952375
1 0.626740946875 0.7619047625 0.6545961 0.7619047625 0.6657381609375 0.7321428578125 0.6072423390624999 0.7083333328125 0.5905292484375 0.7261904765625 0.596100278125 0.75 0.626740946875 0.7619047625
1 0.682451253125 0.75 0.6852367687500001 0.7202380953125 0.6434540390625 0.7142857140625 0.6434540390625 0.7678571421875 0.682451253125 0.75
1 0.5520486906250001 0.7566038328125 0.5464776609374999 0.80422288125 0.5672295765625 0.8212337968750001 0.582689359375 0.8161276421875 0.5938314203124999 0.7863657374999999 0.573417353125 0.7599109578125 0.5520486906250001 0.7566038328125
1 0.494169615625 0.747570125 0.48024203906249996 0.7713796484375 0.4858130703125 0.7892367921875 0.5142211171875 0.8009398921875001 0.5185525453125 0.7991752265625001 0.5235027515625 0.7934399937500001 0.5164537375 0.74161774375 0.494169615625 0.747570125
1 0.13209113125 0.57248650625 0.1587743734375 0.577380953125 0.16713091875 0.5535714281249999 0.1504178265625 0.5178571421875 0.1292035125 0.519545921875 0.13209113125 0.57248650625
1 0.2708137625 0.5663585296875 0.2666458546875 0.550330928125 0.255301634375 0.5472427328125 0.22346000312499997 0.54254900625 0.21510345625 0.590168053125 0.2425136078125 0.61518313125 0.2555078890625 0.61518313125 0.26245721718750004 0.608025196875 0.2732461390625 0.5820952671875 0.2708137625 0.5663585296875
1 0.5292479109375 0.702380953125 0.5348189421875 0.7321428578125 0.5793871859374999 0.7380952375 0.5905292484375 0.702380953125 0.5821727015625 0.6785714281249999 0.5515320328125 0.6785714281249999 0.5292479109375 0.702380953125
1 0.3537604453125 0.6964285718750001 0.3565459609375 0.63095238125 0.311977715625 0.6130952375 0.311977715625 0.6964285718750001 0.3537604453125 0.6964285718750001
1 0.9247910859375 0.8452380953124999 0.9052924796875 0.8333333328125001 0.9080779937499999 0.8630952375 0.9220055703125001 0.8630952375 0.9247910859375 0.8452380953124999
1 1 0.8630952375 0.941504178125 0.8452380953124999 0.9247910859375 0.8869047625 0.941504178125 0.8988095234375001 1 0.9166666671874999 1 0.8630952375
1 0.8077994421874999 0.9285714281249999 0.8635097500000001 0.940476190625 0.8969359328125 0.88095238125 0.8718662953124999 0.8571428578125 0.8077994421874999 0.8988095234375001 0.8077994421874999 0.9285714281249999
1 0.32033426249999997 0.5119047625 0.33161247031249996 0.5058975171875 0.337047353125 0.49404761875 0.3274872953125 0.4794272140625 0.31476323125 0.48214285781250005 0.311977715625 0.5 0.32033426249999997 0.5119047625
1 0.4150417828125 0.7857142859375 0.4178272984375 0.7678571421875 0.39554317499999997 0.74404761875 0.367688021875 0.7619047625 0.398328690625 0.7857142859375 0.4150417828125 0.7857142859375
1 0.167898509375 0.22798144062499998 0.16906356250000001 0.25165525624999996 0.17488885468749998 0.27532896406249996 0.198190021875 0.2840508515625 0.2098406078125 0.3064786078125 0.22440381406249998 0.308970565625 0.2401320953125 0.3064786078125 0.259355565625 0.31270853593750003 0.27916154843749996 0.32267642812499997 0.304792821875 0.330152315625 0.3286765546875 0.33389027968749996 0.34265724531249997 0.328906309375 0.3519776734375 0.32267642812499997 0.35722045156250004 0.31520049375000003 0.3461524296875 0.300248678125 0.3304241453125 0.2965107078125 0.3123657078125 0.287788821875 0.2966374234375 0.28155889218749997 0.2820741703125 0.27159099375 0.27391876875 0.266607071875 0.2634332640625 0.25788518437499997 0.259355565625 0.25290120781250003 0.26692844843749997 0.2466712796875 0.285569353125 0.2491632921875 0.2954723453125 0.25040925 0.302462715625 0.2479172859375 0.3053753375 0.2416873578125 0.3100355984375 0.2317194640625 0.3141133015625 0.2292275 0.31993859062499996 0.22424347656250002 0.3269289609375 0.214275684375 0.3269289609375 0.20804575625 0.315860890625 0.1868639578125 0.304792821875 0.17814211875 0.29081213125 0.17440414843750002 0.272753740625 0.170666184375 0.2529477328125 0.1619442921875 0.24828751875 0.158206328125 0.24304474062499998 0.1569602671875 0.22906405 0.1606982328125 0.21391830625 0.1619442921875 0.2057628828125 0.14574647031250001 0.1964424296875 0.135778625 0.1935297828125 0.13204065468749998 0.18828703125 0.11958069687499999 0.057642409375 0.1202968875 0.081101690625 0.1420085 0.1067329671875 0.168174171875 0.1352768890625 0.17565005312499998 0.1527527625 0.17440414843750002 0.1614906765625 0.198077809375 0.167898509375 0.22798144062499998
1 0.14206128125 0.32142857187499996 0.144846796875 0.2916666671875 0.10863509687499999 0.2797619046875 0.10306406718750001 0.315476190625 0.114206128125 0.327380953125 0.14206128125 0.32142857187499996
1 0.052924790624999996 0.6488095234375 0.10306406718750001 0.6488095234375 0.10584958281250001 0.61904761875 0.09192200625 0.6011904765625 0.058495821875 0.6011904765625 0.0473537609375 0.61904761875 0.052924790624999996 0.6488095234375
1 0.632311978125 0.315476190625 0.6406685234375 0.3333333328125 0.6601671312499999 0.3333333328125 0.6657381609375 0.315476190625 0.7186629531250001 0.32142857187499996 0.7242339828125 0.2916666671875 0.6490250703125 0.2916666671875 0.632311978125 0.315476190625
1 0.2546828578125 0.7087115125000001 0.2646239546875 0.7202380953125 0.2952646234375 0.7142857140625 0.3008356546875 0.6666666671875 0.2841225625 0.6488095234375 0.250696378125 0.6666666671875 0.2544766046875 0.6773883328125 0.2546828578125 0.7087115125000001
1 0.7715877437499999 0.315476190625 0.7827298046875 0.3333333328125 0.8161559890625 0.327380953125 0.8217270187500001 0.30357142812500004 0.8440111421875001 0.28571428593750003 0.8495821734375 0.25595238125 0.768802228125 0.24404761874999997 0.7715877437499999 0.315476190625
1 0.7576601671875001 0.797619046875 0.7186629531250001 0.8035714281249999 0.71030640625 0.8392857140625001 0.7353760453125 0.8630952375 0.7632311984375 0.8511904765624999 0.768802228125 0.8035714281249999 0.8077994421874999 0.797619046875 0.8161559890625 0.7261904765625 0.7827298046875 0.7083333328125 0.7576601671875001 0.797619046875
1 0.0106156859375 0.134532565625 0.011780737500000001 0.14574647031250001 0.017023490625000002 0.1619442921875 0.025761429687499997 0.170666184375 0.042695046874999996 0.16400575 0.0438198328125 0.134532565625 0.0368294875 0.12456472031250002 0.026343954687499997 0.12456472031250002 0.0158584484375 0.1258107796875 0.0106156859375 0.134532565625
1 0 0.2404413515625 0.0018777468750000002 0.2404413515625 0.0071205125 0.2379493921875 0.015275910937500001 0.236703434375 0.025761429687499997 0.2317194640625 0.037994540625 0.2180136484375 0.034499367187500005 0.205553690625 0.0158584484375 0.19558589843750002 0 0.193093934375 0 0.2404413515625
1 0.37469632656249996 0.236703434375 0.36362830625 0.22798144062499998 0.3461524296875 0.2267355421875 0.3391620609375 0.2317194640625 0.3391620609375 0.25165525624999996 0.351395159375 0.2616231484375 0.365375896875 0.27782092187499996 0.377608996875 0.2803128875 0.39333728125 0.2678530296875 0.3886770171875 0.2553932203125 0.37469632656249996 0.236703434375
1 0.3298417578125 0.254785690625 0.32110362187499997 0.2416873578125 0.317025921875 0.244179321875 0.3141133015625 0.26037714218749997 0.31935602812499997 0.2740829578125 0.3298417578125 0.254785690625
1 0.3886770171875 0.20430778593749999 0.379356590625 0.20929165468750002 0.378774025 0.23047350625 0.3880945046875 0.2379493921875 0.3962498546875 0.235457428125 0.39974503906250003 0.2317194640625 0.4026577109375 0.220505559375 0.40032760156249997 0.20430778593749999 0.3886770171875 0.20430778593749999
1 0.2238212984375 0.518296078125 0.2238212984375 0.497114328125 0.2118362625 0.4901411015625 0.20518036718750002 0.49088439843750004 0.20052012812500003 0.5045902625 0.2040153140625 0.5207880359375 0.21741346562500002 0.530755934375 0.2238212984375 0.518296078125
1 0.8894107046874999 0.373755065625 0.8879668781250001 0.36096111249999996 0.8821916406250001 0.348167125 0.8727037546874999 0.340226046875 0.8646596609375001 0.33625549375 0.8557905515625001 0.3358143328125 0.8471276968750001 0.3358143328125 0.837021 0.3419907265625 0.8341333984375 0.3455201015625 0.8302144765625 0.354784696875 0.8285644156249999 0.36934336874999996 0.8419712031250001 0.3839020171875 0.8617720421874999 0.39360779218749997 0.8708474203125001 0.3953724875 0.8817791343750001 0.39404897031249997 0.889204434375 0.3852255359375 0.8894107046874999 0.373755065625
1 0.9189056828125001 0.37772560781250003 0.9092115265625 0.381255 0.8988985906250001 0.390078434375 0.8953921953125 0.39360779218749997 0.8964234953125001 0.4011077078125 0.9046738265625001 0.42051925625 0.9250934421875 0.41875455937500006 0.9269497609374999 0.41654871406250005 0.93045615625 0.397137171875 0.9302499031250001 0.38213733906249997 0.9189056828125001 0.37772560781250003
1 0.9199369671875001 0.3044911125 0.9170493484375 0.300520578125 0.9108615875 0.29743239843749997 0.8984860828125001 0.2961088984375 0.8945671640624999 0.2961088984375 0.8877606234375 0.29963825625 0.8838417218749999 0.3062558328125 0.8799228015624999 0.317726303125 0.8799228015624999 0.3243438578125 0.8834291984375 0.336696671875 0.8865230703125 0.338020190625 0.89910484375 0.3411083875 0.9153992875 0.3455201015625 0.9186994296875 0.3419907265625 0.92674350625 0.3305202734375 0.9250934421875 0.315520446875 0.9199369671875001 0.3044911125