1 0.0303114515625 0.83652295625 0.038331625 0.8515820859375 0.0814196109375 0.8308341374999999 0.08640419687499999 0.7661581749999999 0.0698447890625 0.733682765625 0.040939040625 0.733682765625 0.018613428125 0.7526899171875 0.006244870312499999 0.7706475953124999 0.0192415515625 0.82621145 0.0303114515625 0.83652295625
1 0.1641823140625 0.716166534375 0.13772644375 0.7012656578125 0.12117713593749999 0.7408791625 0.1266747203125 0.7740125796874999 0.1431957546875 0.7941191812499999 0.1613022421875 0.803756025 0.17664175937499998 0.756213153125 0.1641823140625 0.716166534375
1 0.2895038453125 0.90126555 0.3150952890625 0.8544389890625 0.31511750625 0.7994082 0.302841853125 0.7645756359375 0.264279984375 0.7403627546875 0.2390036109375 0.7243374421875 0.1968931515625 0.7243207843749999 0.194954253125 0.7560299140625 0.2035783140625 0.8183487203125 0.2198529453125 0.8621934390625 0.2673600046875 0.8645006203125 0.2895038453125 0.90126555
1 0.40304930937499994 0.6249834875 0.38630409062500004 0.6580336124999999 0.39230255937499997 0.740933784375 0.42320779843749995 0.7676204265625 0.48177667968750004 0.7710687015625 0.48646841093750004 0.6998626765625 0.48270371562500003 0.6511370640624999 0.46356516875000003 0.6132893421875 0.5274438046875 0.556159603125 0.514063384375 0.511265409375 0.46446998749999996 0.4792231125 0.41603185312499996 0.480539121875 0.381097340625 0.49925475468749997 0.371093834375 0.5179204125 0.324356275 0.52290125 0.2998958546875 0.5457731375 0.3037595140625 0.5822632046875 0.3095640921875 0.5822632046875 0.2972844 0.6217934171875 0.31422552812500004 0.6567176031249999 0.3521067640625 0.6557181046875 0.3867241859375 0.6126230078125 0.40304930937499994 0.6249834875
1 0.5242197843749999 0.6851949703125 0.523473584375 0.7613704859375 0.5487611515624999 0.824207 0.574939853125 0.837291528125 0.6141009984375 0.788095828125 0.6247745265625 0.7465164953125 0.5982686453125 0.6773241328124999 0.5718129875 0.6351766796875 0.5725362281249999 0.634596721875 0.5497713921875 0.6355909328125 0.5242197843749999 0.6851949703125
1 0.6064717796875 0.479652746875 0.5955730875 0.46493798125 0.5774426 0.4748157359375 0.5650004984375 0.4854525609375 0.570484903125 0.50468559375 0.574859359375 0.5453894359375 0.596367503125 0.5564370140625 0.60932035625 0.5396257703125 0.61488683125 0.501189275 0.6064717796875 0.479652746875
1 0.6505956234375 0.414310378125 0.6541637140625001 0.478946253125 0.669791440625 0.5077152984375 0.701163225 0.517527334375 0.7284043765625 0.4826463046875 0.7400464859375 0.41892722656250003 0.7233414812500001 0.39843565000000003 0.6733356265625 0.3928691421875 0.6505956234375 0.414310378125
1 0.6548856187500001 0.6919784765625 0.6742160953125 0.7609026015625 0.6829315421875 0.76417546875 0.7152284171875001 0.7611654828125001 0.7320091203125 0.766639978125 0.7370512984375 0.753840959375 0.731945375 0.723701646875 0.7348784125 0.6982810515625 0.72577890625 0.652046846875 0.7019018640625 0.6317557171875 0.6938023453125 0.6345356843750001 0.672323684375 0.652280153125 0.6548856187500001 0.6919784765625
1 0.8093668812500001 0.7698701296875 0.8168034562500001 0.7507093874999999 0.8113302078125001 0.734062446875 0.8006107968749999 0.7337765640625 0.789410115625 0.7486852046875 0.7917869843750001 0.7613429265625 0.7993040375 0.77425695625 0.8093668812500001 0.7698701296875
1 0.808660115625 0.6258836125 0.81140510625 0.6339836328125 0.8133668390625 0.638032003125 0.817686315625 0.654002025 0.8215866734375 0.6546395125 0.8258200953125 0.6546132234375001 0.8313825874999999 0.6593450828125 0.8342224 0.6610669546875 0.8387235484375 0.6622269171874999 0.843952975 0.661740584375 0.8479577140625001 0.661740584375 0.8548907109374999 0.659519240625 0.860477903125 0.65940423125 0.8678834046875 0.6556778921874999 0.8735502765625001 0.64782760625 0.878945440625 0.641268725 0.8833971875 0.633047121875 0.886980415625 0.61798075 0.8894473234375001 0.60548404375 0.892488725 0.593752975 0.89387436875 0.5870232203125 0.892065621875 0.5801948875 0.8890895578125001 0.5714672375000001 0.8856250515624999 0.5609224203125 0.88183704375 0.551084096875 0.8802450281249999 0.5474136203125 0.8746156046875001 0.5433061046875001 0.8699415500000001 0.539842646875 0.8646420031250001 0.53504178125 0.8601073890625001 0.5343550046875001 0.8567886984375 0.5338916765625 0.8546907125000001 0.5342794265624999 0.8512883578125001 0.5338161 0.8480581125000001 0.5305432296875 0.8443657203124999 0.5292189671875 0.8407681484375 0.5267676015625 0.8388311156249999 0.52156584375 0.8341745906250001 0.5276285359374999 0.8295363921875 0.5394253234375 0.8275236640625 0.5424878875 0.8246814625000001 0.5468747140625 0.8214065953125 0.5467169859375 0.8145891375 0.551488278125 0.8073828375 0.5748419734375 0.8051557687500001 0.5787950453125 0.8028737218750001 0.586970646875 0.8000171765624999 0.5947420671875 0.8012920640625 0.60705804375 0.8029486203125 0.6148163203125 0.8063836453125001 0.6193773078125 0.808660115625 0.6258836125
1 0.8928329453125 0.5360308734375 0.912789709375 0.516709115625 0.9161817062500001 0.487371590625 0.914620765625 0.47127341562499997 0.8939572359374999 0.4597197921875 0.8666905874999999 0.45853025625 0.8514206265625001 0.4912720890625 0.8650874171874999 0.536382475 0.88353264375 0.55573380625 0.8928329453125 0.5360308734375
1 0.90724554375 0.63272180625 0.9203242921875001 0.6339212 0.9405894203124999 0.6462634640625 0.9573788875 0.612670553125 0.95995495625 0.5775627890624999 0.9468156499999999 0.5471573125 0.9255895765625001 0.54773565 0.9081276062500001 0.5728703640624999 0.9076296046874999 0.577010740625 0.9032328359375 0.6030425359375 0.90724554375 0.63272180625
1 1 0.47605662187500003 0.9290099296875001 0.45283533125000003 0.9193754468750001 0.47354991718750006 0.9365726921874999 0.5222332203125 0.95808830625 0.532324528125 0.9911410640625 0.531131625 1 0.5113076875 1 0.47605662187500003
1 0.9596396203124999 1 0.9714856328125 0.9611709359375 0.9629894390624999 0.90380198125 0.8818914796874999 0.909312996875 0.8535336796875 0.9400363046875 0.8478839328125 0.9698353421875 0.8525952515625 0.9931249515625 0.89208355625 1 0.9596396203124999 1
1 0.45526768593750006 1 0.45752304062500004 0.9888860859375 0.4425700265625 0.9486951640625 0.3714367953125 0.9508041625000001 0.35744379843749996 0.9763773312499999 0.36989954062499997 1 0.45526768593750006 1
1 0.5553163046875 0.9585897703124999 0.5588639328125 0.9117940265625 0.46848593125000004 0.926077115625 0.4804961125 0.9704418328125 0.486041865625 0.9989827515625 0.511209046875 1 0.5246125578124999 0.9839798249999999 0.5553163046875 0.9585897703124999
1 0.6273345296875 1 0.6498436703125 0.9969621562500001 0.649742615625 0.9662680375000001 0.63927121875 0.9484678484375 0.613171578125 0.9484678484375 0.6019591140625 0.9688064125 0.6012808234375 1 0.6273345296875 1
1 0.5402780734375 0.41662481875 0.5407226828125 0.42787377343750005 0.54866695 0.4380536015625 0.5507521296875 0.42395908281250005 0.5495739796875 0.41510954375000003 0.5449642875 0.41240816249999995 0.5402780734375 0.41662481875