1 0.349382415625 0.672523725 0.3456857796875 0.6660686140625 0.350306565625 0.6604203921875 0.354927353125 0.6571928359375 0.349382415625 0.652620478125 0.343837478125 0.6407861203125 0.3456857796875 0.6351378984375 0.3456857796875 0.6284138109375 0.3456857796875 0.622227675 0.344761628125 0.6181932296875 0.344761628125 0.613889809375 0.335520071875 0.61227603125 0.33274760312499996 0.6087795203125 0.33274760312499996 0.603131296875 0.327202665625 0.5953313640625 0.3244301625 0.58349700625 0.31347160937499996 0.5833599046875 0.31334028593749996 0.599634784375 0.31611275625 0.6176552984375 0.3151886390625 0.6321792984375 0.314264471875 0.6434757234374999 0.3096437015625 0.6483170578124999 0.3040987640625 0.6515446140625001 0.30687123125000004 0.6690272328125 0.314264471875 0.6727927015625 0.31796110781250003 0.6701030593749999 0.3207335765625 0.6789788375 0.32905096718750004 0.694578703125 0.339216690625 0.6859719 0.343837478125 0.677365059375 0.349382415625 0.672523725
1 0.3780312546875 0.6639169234375 0.37710710468749997 0.641861946875 0.381727875 0.6292207000000001 0.380803725 0.613620853125 0.37341046875 0.6039381859375 0.3715621671875 0.5845728515624999 0.3556041921875 0.5820687 0.3604722921875 0.6017864765625001 0.3613964421875 0.6259931437499999 0.36694137968749996 0.652620478125 0.3780312546875 0.6639169234375
1 0.2377276203125 0.38942769374999997 0.2460450265625 0.4125585359375 0.24050008906250003 0.44133756249999995 0.2552866015625 0.44322031562499997 0.261755671875 0.40986889375 0.26637647656249996 0.394269028125 0.27192141406250003 0.37571058281249997 0.27931465312500003 0.358765915625 0.2839354234375 0.3369799328125 0.2839354234375 0.31815253125 0.284859590625 0.3012078640625 0.28948036093749996 0.28695282031249997 0.27839048593750004 0.29287001875 0.265452309375 0.3119663765625 0.2552866015625 0.33778682187500003 0.2497416640625 0.362800359375 0.250665796875 0.37813125 0.2377276203125 0.38942769374999997
1 0.698283625 0.8800781984375 0.6950552421875 0.8646691140625 0.6989293109375 0.854521665625 0.6924725234375 0.8492600296875 0.6808503171875 0.8518908406250001 0.6737478671875 0.8530183359375 0.664708359375 0.848320446875 0.660834290625 0.8513270937499999 0.660834290625 0.8603470484375 0.6653540453125 0.864293278125 0.6718108328125 0.8781990453124999 0.6698738 0.9037555765624999 0.6718108328125 0.9326946062499999 0.67310218125 0.9700898406249999 0.689889803125 0.9702777390625 0.69440955625 0.967646928125 0.70215769375 0.9697139921875 0.700220659375 0.9653919390624999 0.6969922765625001 0.953741175 0.6995749734375 0.9467882843750001 0.7028033796875001 0.9345737453125 0.7047404125 0.9295000203124999 0.700220659375 0.91991631875 0.6995749734375 0.9084534796874999 0.6963465906249999 0.89830603125 0.6963465906249999 0.887219 0.698283625 0.8800781984375
1 0.6692281125 0.8020931828125001 0.664708359375 0.7940128109375 0.6569602234375 0.790818240625 0.647275053125 0.7947644703125001 0.6401726015625 0.79739529375 0.638881253125 0.8056635906249999 0.6427553203125 0.8156231140625 0.646629390625 0.819193521875 0.6511491203124999 0.8291530453125 0.6569602234375 0.8372334296874999 0.6640626968750001 0.8421192281250001 0.6685824265625 0.8456896359374999 0.6782675968749999 0.8496358531249999 0.68730710625 0.84907211875 0.6802046328125 0.84155548125 0.6827873515625 0.8346026046875 0.6963465906249999 0.8315959578125 0.70926014375 0.8289651328125001 0.7099058296874999 0.8253947390624999 0.6957009046875 0.820321015625 0.685370071875 0.8199451796874999 0.67310218125 0.8186297734375 0.6705194609375 0.812804378125 0.6692281125 0.8020931828125001
1 0.58505094375 0.8466511796875 0.588279325 0.8558590593750001 0.60635831875 0.8579261218750001 0.6102323875 0.8537919671875001 0.6089410156249999 0.8475907484375 0.60700398125 0.842517025 0.588279325 0.842517025 0.58505094375 0.8466511796875
1 0.589570675 0.7158618453125001 0.5734287390625 0.72845219375 0.5721373671875 0.7421700359375001 0.5721373671875 0.753632903125 0.5766571218750001 0.7637803515625 0.58569660625 0.7716728109375001 0.5927990796875 0.7575791328125 0.5960274625 0.744800859375 0.5947361140625 0.7325863484374999 0.5921533953125 0.7201839109375 0.589570675 0.7158618453125001
1 0.654784171875 0.655352984375 0.6476816859375 0.63374268125 0.6457446515624999 0.6281052109374999 0.6302483796875 0.6286689578125 0.6205632203125 0.632051440625 0.6205632203125 0.641823053125 0.626374321875 0.6519705015625 0.6276656953125 0.6546013187499999 0.615397803125 0.6600508796875 0.6147521171875 0.6715137328125 0.6179805234375 0.68166118125 0.629602728125 0.6944394546875 0.6328311109375 0.7008285828124999 0.640579246875 0.708157296875 0.6280211140625 0.711815675 0.6173348375 0.7209355687500001 0.6115237359375 0.730331359375 0.6141064546874999 0.7459283546875 0.637996515625 0.7494987484375 0.6502644171874999 0.7543845609375001 0.6567212046875001 0.7491229265625 0.655429821875 0.738787565625 0.65607551875 0.7258213828125 0.6541384859375 0.714170603125 0.6534927875000001 0.7028956609375 0.6534927875000001 0.690869046875 0.6541384859375 0.67903035625 0.654784171875 0.6677554140625 0.654784171875 0.655352984375
1 0.5689454734375 0.6813400015625 0.5689454734375 0.6945049625 0.5763969421875 0.711542084375 0.5883318359375 0.7020278171875 0.5818697312500001 0.6892389890625 0.5689454734375 0.6813400015625
1 0.56113914375 0.6714990953125 0.565906178125 0.6737841999999999 0.5748794453125 0.6727232562500001 0.5810485640625 0.670519765625 0.5844135359375 0.6675001703125 0.5866568484375 0.6638276875 0.588339334375 0.65958393125 0.5832918765625 0.6579517140625 0.5757206874999999 0.6577884953125 0.567588665625 0.6571356078125 0.5636628734375 0.65958393125 0.5600174765625 0.665867953125 0.56113914375 0.6714990953125
1 0.5614134921875 0.5861096734375 0.5586093437499999 0.5918224296875 0.5586093437499999 0.5982696765625 0.5586093437499999 0.602105378125 0.5594505875 0.606267525 0.5563660328125 0.6110825609375 0.5563660328125 0.6154079328125001 0.5569268578125001 0.61916201875 0.55973100625 0.6247115562500001 0.5619743171875 0.628302425 0.5673021921875 0.6306691328125 0.570667165625 0.6309955796875 0.5793600031249999 0.6316484625000001 0.585809540625 0.6234873953125 0.59057658125 0.6151631 0.59197864375 0.6081445750000001 0.5908569984375001 0.6021869921875 0.5860899468749999 0.5989225640625 0.5824445671875 0.5937810875 0.5787991781249999 0.5897005484375 0.5765558656249999 0.5858648421875 0.5754342046875001 0.5797440359375 0.5734713015625 0.5746025593749999 0.5673021921875 0.5732967890625 0.562254734375 0.575010615625 0.5588897609375 0.58064175625 0.5614134921875 0.5861096734375
1 0.5044852765625001 0 0.5179934375 0.0434179515625 0.535722928125 0.0999314140625 0.5433212828125 0.1444050234375 0.5449478484375 0.1836481828125 0.5096641671875 0.1895071703125 0.5045852796875 0.2030791484375 0.5011670578125 0.21256572031249998 0.5265614453125 0.2102813328125 0.54826444375 0.21213604218749998 0.5602064999999999 0.2259809921875 0.564427796875 0.33804265 0.581313046875 0.4154803421875 0.589755640625 0.451108384375 0.5889113984375001 0.4761508515625 0.604108075 0.5073686078125 0.589755640625 0.5203912984375 0.6024195625 0.530956834375 0.6176162671875 0.5685505671875 0.6391813640625 0.60836648125 0.6383401203125 0.593023665625 0.637498878125 0.582006215625 0.6355359734375 0.5734370890625 0.635255565625 0.567805946875 0.635255565625 0.558257490625 0.6341339046875001 0.5486274250000001 0.6335730796875 0.5414456750000001 0.6338534874999999 0.5336926531249999 0.630488515625 0.5164741187499999 0.62544105625 0.500151975 0.6203935984375 0.4870126484375 0.61955235625 0.472322715625 0.6226369203125001 0.46399842031249994 0.6212348421875 0.44604494375000003 0.6201131906249999 0.4305388984375 0.6150657328125 0.41878695156249995 0.60749454375 0.41380869843749996 0.6024470859375 0.39169269375 0.615326784375 0.3772979515625 0.64004405625 0.3717392296875 0.633302975 0.35440913749999997 0.6276853796874999 0.336752046875 0.6252146203125 0.3244879421875 0.6142392125 0.29328269218749997 0.591444184375 0.24070061250000002 0.592288425 0.209986771875 0.6032638343750001 0.20384401093750001 0.550919634375 0 0.5044852765625001 0
1 0.4421661 0.57046508125 0.44308954375000004 0.5821558015625 0.44447469218749996 0.5890089828125 0.454170728125 0.5888746 0.45601758124999997 0.5840370609375001 0.45786445000000003 0.5773182625 0.4514004328125 0.57274946875 0.4421661 0.57046508125
1 0.42905301875 0.43776712656249994 0.424435853125 0.444351553125 0.4235124265625 0.45012973125 0.44244277656250003 0.44797970625000005 0.45721770156249997 0.4460984484375 0.44983023906249997 0.42379201875000005 0.44890681250000003 0.4086075171875 0.4475216640625 0.39543865624999996 0.4415193515625 0.379985409375 0.4345936109375 0.37837289687500003 0.43644048125 0.390735490625 0.435978759375 0.3957074125 0.42766787031250003 0.40014182343750004 0.43228503749999997 0.4092794015625 0.4345936109375 0.4146544421875 0.42212727812499995 0.41895447968750005 0.4235124265625 0.426479534375 0.424435853125 0.43575148593749996 0.42905301875 0.43776712656249994
1 0.41392213125 0.28866946250000003 0.4097666875 0.30143519531249996 0.4148455578125 0.3094977609375 0.41161355781250003 0.317022815625 0.410228409375 0.3245478703125 0.41253698437499997 0.3312666890625 0.419462725 0.3420167703125 0.4296204828125 0.3374479765625 0.43100562968749995 0.329922921875 0.4286970390625 0.30573522343750004 0.4268501859375 0.29283511875 0.41392213125 0.28866946250000003
1 0.45935063749999994 0.133489753125 0.4584272109375 0.13953667812499998 0.46719980312500003 0.14370234375 0.4916707640625 0.1485398828125 0.5045988015625 0.14921175625 0.5166034296875 0.14182106562500002 0.5299931890625 0.13590852343749998 0.51521828125 0.13617726875 0.49444106093749995 0.13967106093749998 0.47781928437500004 0.1363116515625 0.4912090421875 0.127308446875 0.481051284375 0.12153028749999999 0.47735756250000005 0.11467710625000001 0.48243643281250004 0.1067489046875 0.48659187812500004 0.0986863484375 0.48936217343750005 0.0916987953125 0.48243643281250004 0.0775893046875 0.4755106921875 0.0649579546875 0.46258265625000006 0.0649579546875 0.4533483234375 0.0687204828125 0.44642258281249997 0.07261739218749999 0.4413437125 0.0773205484375 0.436726546875 0.08135183124999999 0.4445757296875 0.086189371875 0.448269453125 0.0978800921875 0.45381004531249997 0.10540515624999999 0.44734602656250005 0.1102426953125 0.4510397484375 0.1164239828125 0.459812359375 0.12287403593749999 0.4648912296875 0.12838346875 0.45935063749999994 0.133489753125
1 0.42463007812500003 0.4773022 0.4261488015625 0.49144631250000004 0.43019874218750004 0.5030857453124999 0.43019874218750004 0.520176540625 0.444879728125 0.51885053125 0.444879728125 0.5092737953124999 0.44437348125 0.5026437421875001 0.444879728125 0.494098334375 0.442348528125 0.4861422703125 0.4438672515625 0.47936488749999995 0.4413360328125 0.47288217499999996 0.43677986406249997 0.46802013750000004 0.4253216125 0.463670703125 0.42463007812500003 0.4773022
1 0.4458922046875 0.537709340625 0.44639844999999995 0.5347626578125 0.44172034375 0.5313952296875 0.43222369531249993 0.5335839890625 0.42716129531249997 0.5353520031250001 0.42766752343750003 0.5371200171875 0.4307049703125 0.5388880312500001 0.4403235578125 0.5413927109375 0.4458922046875 0.537709340625