1 0 0.3893442625 0.029173420312499997 0.40163934375 0.05672609375 0.40163934375 0.071312803125 0.3893442625 0.0777957859375 0.3729508203125 0.076175040625 0.3647540984375 0.024311182812500002 0.3647540984375 0.0097244734375 0.368852459375 0 0.3729508203125 0 0.3893442625
1 0.10424515000000001 0.3893032578125 0.092063178125 0.38912313906249996 0.07691389374999999 0.3989417171875 0.078376703125 0.42175508125 0.08490548906249999 0.44118136406249997 0.103713534375 0.437926078125 0.1171220421875 0.41070643437500004 0.1214705125 0.4085845703125 0.139451603125 0.4079431765625 0.1482388828125 0.4079431765625 0.1482388828125 0.391614028125 0.1431294734375 0.3796296515625 0.1316806453125 0.37784605781249997 0.1202874078125 0.37868074531249996 0.10424515000000001 0.3893032578125
1 0.19638477031249998 0.3453019796875 0.2065010875 0.315732028125 0.21240791875 0.29553695156250004 0.17442873125 0.3075916140625 0.15388338125 0.3351407375 0.1708498859375 0.3453019796875 0.19638477031249998 0.3453019796875
1 0 0.56430675 0.026806590624999998 0.5461940046875 0.0277360484375 0.560278278125 0.0412974375 0.5483290484375 0.05689842187500001 0.533475984375 0.061575243749999994 0.5145768687500001 0.056901896875 0.497382278125 0.0479304625 0.479880171875 0.0320654078125 0.47882583125 0.0216624359375 0.48593386406250005 0.0191468203125 0.4711862296875 0.012235828125 0.4851079625 0 0.492589409375 0 0.56430675
1 0.10762246875 0.536327103125 0.1186143859375 0.557607275 0.1388174859375 0.565479709375 0.15930376875000002 0.54673435625 0.1700819984375 0.509678565625 0.1409769546875 0.5039807125 0.12386972968750001 0.5049735578125001 0.10762246875 0.536327103125
1 0.1921735484375 0.477951603125 0.19762173125 0.45776970468749995 0.190955696875 0.44936570937500003 0.1801010265625 0.44936570937500003 0.1767949390625 0.4722361796875 0.18237342031249998 0.477951603125 0.1921735484375 0.477951603125
1 0.0907289296875 0.518455975 0.07812479375 0.530247053125 0.067249275 0.5317890328125 0.0646971765625 0.5483773734375 0.0712572328125 0.5612930859375 0.078215134375 0.560704409375 0.0905413015625 0.541089221875 0.0907289296875 0.518455975
1 0.0596241765625 0.5996979515625 0.06158813125 0.6106798359375001 0.06158813125 0.619778934375 0.06569303125 0.630266975 0.0743666578125 0.6304706890625 0.07840564531250001 0.6092168203125 0.0679242984375 0.6083093765625 0.072180553125 0.591691484375 0.0718375625 0.5759162124999999 0.0648447078125 0.5750612453125 0.0569717984375 0.5750612453125 0.0502181828125 0.5858517625 0.0596241765625 0.5996979515625
1 0.0000623125 0.739247684375 0.00903188125 0.7311064875 0.0083961859375 0.7087803312500001 0.0035828203125 0.6859261234375 0.0059364859375 0.6808811234375 0.0069633375 0.6806024093749999 0.01789316875 0.6806024093749999 0.022857215625 0.6681204421875 0.018547509375 0.6450016390625 0.012687756250000001 0.62815909375 0.005893234375 0.6268396359375 0 0.624987446875 0.0000623125 0.739247684375
1 0.11574559843750001 0.804034934375 0.12405335312500002 0.804034934375 0.1312459109375 0.788982328125 0.14282476875 0.762561025 0.14342999843749998 0.7476370078125 0.13342616875 0.7246297546875 0.1195309671875 0.7266492046875 0.06645989218750001 0.74803184375 0.055572928125 0.74803184375 0.0474800484375 0.7410353078125 0.034484451562500004 0.736675828125 0.0254296515625 0.736675828125 0.009824049999999999 0.7627167828125 0 0.773922475 0.0028284625 0.802777984375 0.0054470609375 0.8133117296875 0.0136180140625 0.8178414593750001 0.022960746875 0.8081734515625 0.032526948437499995 0.8103975609375 0.0428996453125 0.8107489296875 0.054063795312499996 0.7946114343749999 0.06433765 0.7840613859375 0.0952322703125 0.7746306390625 0.10059481562499999 0.77897925 0.1075474296875 0.7899386234375 0.11574559843750001 0.804034934375
1 0.12572006093750002 0.784990515625 0.12572006093750002 0.7963211765625 0.1279397125 0.8100643078124999 0.1347691328125 0.8100117828125001 0.1450157703125 0.8102816468749999 0.15430191875 0.8097799546875001 0.1567192546875 0.79702209375 0.1652999 0.7997080578125 0.1674056671875 0.7906975 0.174818828125 0.7808827875000001 0.1736857265625 0.7622694265625001 0.16711200625 0.75108909375 0.1557122109375 0.7516541765625 0.15254926093750001 0.75804940625 0.149599753125 0.7635263765625 0.13873571093749998 0.7635263765625 0.131490153125 0.7742285609375 0.12572006093750002 0.784990515625
1 0.1622859296875 0.87638561875 0.1562307734375 0.8589676265625 0.1475348125 0.8476659421875 0.14026848125 0.8430927453124999 0.12491070156249999 0.84277760625 0.116465428125 0.84277760625 0.1041001296875 0.84972161875 0.097895278125 0.8564392375000001 0.099934434375 0.8752210375 0.10634843125 0.888833765625 0.129625759375 0.87671525 0.1622859296875 0.87638561875
1 0.2719634234375 0.806258025 0.268471321875 0.794477709375 0.28027555625 0.7900252875 0.29319130000000004 0.7895164390625 0.3031968015625 0.77361733125 0.3070581421875 0.781979725 0.31214205 0.786235328125 0.3200830453125 0.786235328125 0.3205263203125 0.7604256796875 0.31664409843749997 0.7571685734375 0.3070344109375 0.7585102984375001 0.3057510953125 0.739944540625 0.30372455625 0.7258095984375 0.2931466875 0.7147205484375 0.2819271609375 0.7105225484375 0.2703697203125 0.7178336437499999 0.256485790625 0.7193529875 0.24948925000000002 0.733444721875 0.2408676796875 0.7501599062500001 0.231222871875 0.7513408203124999 0.22613706718749998 0.7556564296875 0.2262205953125 0.7748750484375 0.20687213125 0.7884747375 0.1941860921875 0.7900372875 0.1839670203125 0.791170196875 0.17544226875 0.8067836765624999 0.1755694625 0.8225603687499999 0.183551271875 0.833246184375 0.1925838453125 0.83241090625 0.2040027046875 0.8198289093750001 0.20751853593749997 0.8198289093750001 0.210348096875 0.8240869140625 0.22233077968749998 0.8240869140625 0.22839995468750002 0.8189384265624999 0.23747809062499997 0.8221835328125 0.2501081265625 0.81727986875 0.257996915625 0.8175246921875001 0.26900761875 0.8182351593750001 0.2719634234375 0.806258025
1 0.2291317875 0.8396619921875 0.226714178125 0.8479523765625 0.22923240156250002 0.8580381359375 0.23106530468750003 0.8624857546875001 0.23291054687499999 0.86818389375 0.2364035984375 0.8688943609375 0.242985340625 0.8688943609375 0.24779113281249998 0.862281734375 0.24779113281249998 0.8515071140625 0.24779113281249998 0.8428014875000001 0.24717130625 0.8374633812500001 0.2414182140625 0.8354615937500001 0.23984539218749998 0.8354615937500001 0.23452703281249998 0.8354615937500001 0.2291317875 0.8396619921875
1 0.1579871859375 0.7082838109375 0.1682340546875 0.6857346359375 0.16410223125 0.6655562875000001 0.14196904999999999 0.666132528125 0.12899020625 0.6706996562499999 0.1239729015625 0.655269540625 0.11434196562500001 0.658407590625 0.1093428890625 0.6699917015625 0.102871046875 0.687871671875 0.09646822031249999 0.679488171875 0.0848683859375 0.674440290625 0.07681960156249999 0.6806340703125 0.06715090312500001 0.6645585609375 0.053708481249999995 0.6645585609375 0.046416264062500004 0.6814803234375 0.0520013203125 0.6963802953125 0.065761475 0.6998509187499999 0.0707631546875 0.7206911265625 0.0749353453125 0.7257126640625 0.086117178125 0.7225054625 0.09810245937499999 0.7111320937500001 0.10463159687500001 0.7111320937500001 0.1157326953125 0.7108884265625 0.1253115421875 0.7006181437500001 0.1313250171875 0.7113461265625001 0.1433936375 0.7118499265625 0.1579871859375 0.7082838109375
1 0.25460255468750004 0.5880764218750001 0.2554164171875 0.5637063234374999 0.24116534218750002 0.5676313562499999 0.226536634375 0.5643385453125 0.1948024671875 0.578000421875 0.184043840625 0.6031970156249999 0.1785043609375 0.60597285625 0.1766383359375 0.5887514515625 0.1778741046875 0.5640685328124999 0.17164316562499998 0.5640685328124999 0.1518812578125 0.573808671875 0.1329097734375 0.577769921875 0.1329097734375 0.5989229468749999 0.1493953921875 0.606130909375 0.1502847828125 0.5968122546875 0.15537240624999998 0.595873803125 0.161906753125 0.6097101968749999 0.16802961249999998 0.6142839140625 0.17468896875 0.6162003281249999 0.1843550625 0.6139447546875 0.1932164078125 0.6125354296875 0.20093704375 0.6197368078125 0.20926319218749997 0.61927910625 0.22310798906249998 0.6169774343750001 0.23284700468750003 0.6323614515625 0.243500153125 0.62950658125 0.25460255468750004 0.5880764218750001
1 0.1960684265625 0.6317190703125 0.186013471875 0.6476066234375 0.181528565625 0.6535652546875 0.181528565625 0.66302990625 0.184472496875 0.6677670328125 0.19044583125 0.6677670328125 0.20570552968750003 0.669002946875 0.20910972968750002 0.6590372046875 0.21587950781249998 0.6590372046875 0.222358690625 0.6569031765625 0.222906959375 0.639027278125 0.22850233125 0.6313828765625 0.22901514375 0.623738475 0.22315386875 0.617421234375 0.21290771875 0.618095221875 0.1960684265625 0.6317190703125
1 0.20885079062499998 0.7310178640625 0.2138003953125 0.722204790625 0.22106526093749998 0.7218557875 0.23242606875 0.7154103203125 0.238449084375 0.706806184375 0.23915481875000003 0.6942618640625 0.2446880578125 0.6869119015625 0.25596533125 0.6934780078125 0.2650654703125 0.690159684375 0.2746615859375 0.6743048734375 0.2806794375 0.658993540625 0.26642217343749997 0.6593515046875 0.24723717343749999 0.6593515046875 0.2289790296875 0.673466146875 0.1787682328125 0.697131146875 0.1637503796875 0.703626090625 0.156293684375 0.7109022781250001 0.1524893640625 0.7216204546875 0.1524893640625 0.741824090625 0.155814425 0.7479924421875 0.16304510156250002 0.7449426890625 0.1661511078125 0.737368725 0.1740478125 0.7378201843750001 0.1849131375 0.75035540625 0.1942469875 0.7591140484375 0.1984191390625 0.7601354390624999 0.2019372984375 0.7518170453125 0.20285909531250002 0.7404312875 0.20885079062499998 0.7310178640625
1 0.3658045546875 0.3565646640625 0.380157575 0.35427840625 0.37184333281250004 0.3762806796875 0.3755087765625 0.3902928359375 0.38638277187500003 0.3902928359375 0.3967557703125 0.39605561875 0.4083672796875 0.3902162375 0.4258346484375 0.366552303125 0.42760911406249996 0.3475168609375 0.4082845578125 0.33709613125 0.4082845578125 0.31906239687500004 0.419456821875 0.3191272125 0.440598953125 0.30946070937500003 0.4527499125 0.30654102031249997 0.46292134375 0.2890228765625 0.460299840625 0.2624127375 0.4651537 0.2488130453125 0.4651537 0.24236969218749999 0.46528535781249997 0.2212277125 0.45017967499999995 0.22163134375000001 0.44115354843750004 0.223911709375 0.44115354843750004 0.24738413593750003 0.437061671875 0.25754560312499997 0.43387508906249994 0.2618500125 0.4273958984375 0.27219414375 0.41303006093750005 0.27219414375 0.3997541890625 0.27914413125 0.3839829125 0.2681486921875 0.3672030359375 0.2681486921875 0.357326015625 0.2781708859375 0.34658805625 0.2937285375 0.33128235 0.3017348640625 0.327117234375 0.3017348640625 0.3174048203125 0.3018715703125 0.3174048203125 0.29468954062499997 0.31599035937500003 0.28375939687499996 0.3057760640625 0.282712696875 0.29414327500000004 0.28466939375 0.28655826093750003 0.2884925578125 0.2903087578125 0.3092662625 0.2877361890625 0.341562578125 0.296282290625 0.3674774140625 0.294568409375 0.376289515625 0.2993139125 0.3953720984375 0.3049495625 0.41067175 0.31684303125 0.411343484375 0.33491509062499997 0.4061493203125 0.348559725 0.4017830453125 0.3490269359375 0.369392446875 0.356173734375 0.36367091406249996 0.3658045546875 0.3565646640625
1 0.25403064999999997 0.3552565484375 0.254235709375 0.3709922375 0.2615060109375 0.380464290625 0.270290959375 0.380464290625 0.27647188125 0.3688444515625 0.278292953125 0.355972475 0.2757530078125 0.3410794015625 0.2678453890625 0.3333691765625 0.26093510625 0.33667187656249997 0.25467728749999996 0.339965734375 0.25403064999999997 0.3552565484375
1 0.2587563453125 0.4034476515625 0.2478613796875 0.39672440625 0.244301959375 0.4079524015625 0.244301959375 0.4201025578125 0.2507496921875 0.44076135625 0.26096423281250003 0.455642646875 0.2699344359375 0.45634679062499994 0.284600871875 0.45388965625 0.2957381828125 0.4430269921875 0.29811734218749997 0.42329035312499996 0.29561234999999997 0.41013554062499996 0.287658128125 0.399856225 0.27965846562499996 0.39934358593749997 0.2626862703125 0.41450770937500003 0.2587563453125 0.4034476515625
1 0.36304700156249997 0.6557377046874999 0.372771475 0.672131146875 0.4246353328125 0.6639344265625 0.448946515625 0.65163934375 0.460291734375 0.6352459015624999 0.460291734375 0.6229508203125 0.455429496875 0.59836065625 0.45218800625 0.5942622953125001 0.392220421875 0.602459015625 0.372771475 0.6147540984375001 0.36466774687500003 0.6270491796875 0.36142625625 0.6352459015624999 0.36304700156249997 0.6557377046874999
1 0.448946515625 0.6885245906249999 0.455429496875 0.6885245906249999 0.455429496875 0.6844262296875 0.46353322500000005 0.6844262296875 0.46353322500000005 0.68032786875 0.47001620781250003 0.6762295078125 0.471636953125 0.6680327875 0.4732576984375 0.6680327875 0.4732576984375 0.65163934375 0.47001620781250003 0.65163934375 0.47001620781250003 0.647540984375 0.46515397031249994 0.647540984375 0.46515397031249994 0.6434426234374999 0.448946515625 0.6434426234374999 0.448946515625 0.647540984375 0.44246353281250006 0.647540984375 0.44246353281250006 0.65163934375 0.43598055156250004 0.65163934375 0.43598055156250004 0.6557377046874999 0.43273905937499996 0.6557377046874999 0.43273905937499996 0.6639344265625 0.43598055156250004 0.6680327875 0.43598055156250004 0.6762295078125 0.4392220421875 0.68032786875 0.4392220421875 0.6844262296875 0.448946515625 0.6844262296875 0.448946515625 0.6885245906249999
1 0.34359805468750004 0.811475409375 0.34035656406250003 0.8155737703125 0.34035656406250003 0.8237704921875 0.3452188 0.8237704921875 0.3452188 0.8196721312499999 0.3549432734375 0.8196721312499999 0.3549432734375 0.8155737703125 0.3598055109375 0.8155737703125 0.3598055109375 0.811475409375 0.3662884921875 0.811475409375 0.3662884921875 0.8073770484375 0.38735818437499997 0.8073770484375 0.38735818437499997 0.8032786890624999 0.39546191249999996 0.8032786890624999 0.39546191249999996 0.7991803281250001 0.39870340312499997 0.7991803281250001 0.39870340312499997 0.7950819671875 0.40032414843749997 0.7950819671875 0.40032414843749997 0.7745901640625 0.39870340312499997 0.7745901640625 0.39870340312499997 0.770491803125 0.39546191249999996 0.770491803125 0.39546191249999996 0.7663934421875 0.37439222031249997 0.7663934421875 0.37439222031249997 0.770491803125 0.36466774687500003 0.770491803125 0.36466774687500003 0.7745901640625 0.35656401875 0.7745901640625 0.35656401875 0.778688525 0.35170178281250003 0.778688525 0.35008103749999997 0.7868852453125 0.3484602921875 0.7868852453125 0.3484602921875 0.79098360625 0.34683954687499996 0.79098360625 0.34683954687499996 0.7950819671875 0.3452188 0.7950819671875 0.34359805468750004 0.811475409375
1 0.5364422046875 0.717273303125 0.5477874234375 0.7131749421875 0.586806434375 0.684762315625 0.58705674375 0.6477829796875 0.5798023718749999 0.640269065625 0.5635944375 0.6418553359375 0.5024065484375 0.676289696875 0.4975443109375 0.688584778125 0.4975443109375 0.704978221875 0.5056480390625 0.717273303125 0.5364422046875 0.717273303125
1 0.627775828125 0.6467811265625001 0.6235052078125001 0.63629659375 0.6161333578125 0.6386090156249999 0.6069294875 0.6442881359375 0.6037345843749999 0.6678705703125 0.6159183671874999 0.669955828125 0.6257587625000001 0.6646669625 0.6281075265625 0.65533766875 0.627775828125 0.6467811265625001
1 0.5515235234375 0.58043733125 0.552352771875 0.5985425656250001 0.5591026859375 0.6011520484374999 0.5638393734375 0.6011520484374999 0.5665490125 0.59248289375 0.5666104390625 0.5851883765625 0.5739769140625001 0.5851883765625 0.5773676109375 0.5649532296875 0.5707820109374999 0.5626077984375 0.5645588218750001 0.5626077984375 0.563785625 0.56578034375 0.5568514343750001 0.56578034375 0.553519090625 0.5656366640625 0.5515235234375 0.58043733125
1 0.6128363359375 0.5759095656250001 0.6039142546875 0.5759095656250001 0.5988965453125 0.583532209375 0.5985318296875 0.58800366875 0.598537971875 0.596259265625 0.601074084375 0.6019752781250001 0.6077333968749999 0.605009971875 0.6102733484375 0.605009971875 0.6155682421875001 0.6053342125000001 0.6174739734375 0.6135296234375 0.620121421875 0.6135296234375 0.6240611109375 0.6135296234375 0.6256566421875001 0.6093746437500001 0.6256566421875001 0.600639471875 0.624263815625 0.591242225 0.6185197453125 0.5873745984375 0.61608959375 0.57821810625 0.6128363359375 0.5759095656250001
1 0.6778101171875 0.6122540046875 0.6702916125 0.6099978890625 0.661918525 0.61101139375 0.659628115625 0.614595553125 0.659628115625 0.6238860125000001 0.659234221875 0.630743671875 0.6553114250000001 0.630743671875 0.650899525 0.630743671875 0.64809928125 0.6308718203125 0.6451170640624999 0.6396962984375001 0.6458234609375 0.651341896875 0.6489315999999999 0.6512118109375 0.65499124375 0.652075815625 0.6581853796875 0.6546445249999999 0.6581853796875 0.66379325 0.6571987296875 0.670532475 0.6610524234375 0.670532475 0.66579755625 0.670532475 0.6680058109375 0.6659930609375 0.66894869375 0.6532970703125 0.678770659375 0.644307553125 0.6839872359375 0.62669159375 0.68174980625 0.6190650703125 0.6778101171875 0.6122540046875
1 0.6444436875 0.577625921875 0.6444436875 0.5800626062500001 0.6481008187499999 0.5865319515625 0.65142701875 0.5876017625000001 0.6570213625 0.5954243890625001 0.6625197296875001 0.6010860375 0.669989090625 0.6059594015624999 0.691189396875 0.593682790625 0.70099600625 0.5765036890624999 0.7073405125 0.560873971875 0.707808115625 0.5359207828125 0.6715354828125 0.5446559515625 0.6445273796875 0.5696130203124999 0.6444436875 0.577625921875
1 0.7226641046875 0.6382883484375 0.7226641046875 0.6586037578124999 0.729143171875 0.6616440984375 0.752465825 0.65489363125 0.774931471875 0.6350445578125 0.7796169734375 0.6151657703125 0.7759168453124999 0.604570303125 0.74649029375 0.6134672953125 0.7421094421875 0.594989803125 0.7281776859375 0.59567559375 0.7269138749999999 0.6027643859375 0.7269979484375 0.628858725 0.7226641046875 0.6382883484375
1 0.71377041875 0.3859013359375 0.6933894265625 0.386866015625 0.6799729578125 0.40282208124999996 0.6967161984375 0.41919419218750004 0.6589546375 0.436835015625 0.62759891875 0.44702358125 0.6312131671875 0.43765796718749994 0.63627564375 0.43273856093749996 0.6344884078125 0.418366671875 0.62720025 0.40938967187499997 0.60166095625 0.4265572984375 0.575779040625 0.43718248437499996 0.546574875 0.45397521718749995 0.546298246875 0.4840768609375 0.5517539703125001 0.495813025 0.59152876875 0.4787002578125 0.62828596875 0.45957812656249997 0.6262293390625 0.47522787343750006 0.6323196796875 0.48747609374999995 0.6415333875 0.48949689375 0.6834678750000001 0.46844997499999996 0.69042155 0.46844997499999996 0.6910832890624999 0.459994171875 0.6862142687499999 0.4353765703125 0.7014333421875001 0.42106868906250006 0.7116496015625 0.41698823437500004 0.7218658609374999 0.3999966234375 0.7218658609374999 0.3850966765625 0.71377041875 0.3859013359375
1 0.5990782625 0.245585225 0.6160725609375 0.2456849390625 0.63535261875 0.2083644015625 0.626057290625 0.18206741875000002 0.59221690625 0.18789896718750002 0.5848578765625 0.193857734375 0.5794881796875 0.20588874218750003 0.5743836359375 0.21723550781249998 0.5670844359375 0.21723550781249998 0.56169298125 0.224676234375 0.56270464375 0.250708459375 0.5717701734375 0.250708459375 0.58085201875 0.250708459375 0.5853800265625 0.250708459375 0.5990782625 0.245585225
1 0.3838218671875 0.417525659375 0.378476490625 0.41227722499999997 0.37056473749999996 0.41072957812500005 0.36286958125 0.4175080734375 0.36164849062500004 0.43228861093750004 0.3731281328125 0.43770286406250003 0.37976514375 0.42926114687499994 0.3838218671875 0.417525659375
1 0.3345009875 0.45642129843749996 0.32782364375 0.4603867828125 0.321291278125 0.46977939375 0.324937321875 0.48783299218750004 0.332775146875 0.5192959140625 0.3436233796875 0.522422515625 0.3576529578125 0.517837475 0.36466774687500003 0.49426229531250004 0.36470763281249996 0.4904424953125 0.3584873890625 0.481285221875 0.35687803906250004 0.4759925734375 0.36446388750000003 0.473303025 0.3626943625 0.4651030984375 0.36938626874999997 0.4651030984375 0.37177686875 0.45795658125000005 0.36909630781249997 0.44471535624999997 0.3620049125 0.4459400609375 0.35603537812499997 0.45211482031249994 0.3488781390625 0.44330334374999997 0.34244264062499996 0.44330334374999997 0.3345009875 0.45642129843749996
1 0.38491060625 0.4453381140625 0.3878076890625 0.45713210625 0.398369125 0.46009541406250004 0.40804611562500004 0.4560098609375 0.4154414 0.45614914375 0.4344364109375 0.448043671875 0.43567666093749996 0.43088979062500005 0.4320913953125 0.41824411093749997 0.4232425046875 0.41238473437499995 0.41644486875000003 0.408990778125 0.4041664546875 0.4100329796875 0.3947376421875 0.41588275 0.38865478124999997 0.4336065578125 0.38491060625 0.4453381140625
1 0.45053180781249996 0.4107758078125 0.44062943125 0.4340532125 0.4419855390625 0.4456935203125 0.4447325765625 0.4495901640625 0.4615136234375 0.4496878203125 0.47092407812500003 0.439238603125 0.482238275 0.432626790625 0.4890992203125 0.4210393203125 0.4919361578125 0.41790471250000005 0.4919361578125 0.40338754843749997 0.4955347203125 0.3948882546875 0.4986185671875 0.391692815625 0.50685398125 0.380215803125 0.500848359375 0.371665278125 0.49294089375 0.3715083890625 0.482785909375 0.37114337656249996 0.4742706640625 0.38090740156249997 0.45053180781249996 0.4107758078125
1 0.41199351718750005 0.4799180328125 0.41456581718749996 0.47134989687499995 0.41274437812500003 0.464368275 0.40942248281250004 0.4639792546875 0.40798723593749997 0.4639792546875 0.40476473906250005 0.4685482828125 0.40929396249999994 0.4772236796875 0.41199351718750005 0.4799180328125
1 0.5374672625 0.16690137656249998 0.5304109609375 0.1677113640625 0.5258676078125 0.17458056093750002 0.52330299375 0.1839032296875 0.5271819453125001 0.19409075468749998 0.5399833109375 0.1880001890625 0.548220659375 0.1785207453125 0.5434220843750001 0.16690137656249998 0.5374672625 0.16690137656249998
1 0.5818830125 0.16745791875 0.5828718671875001 0.16160250781250002 0.567926434375 0.1625405203125 0.5639689531250001 0.1744081109375 0.5639689531250001 0.18888333125 0.571116184375 0.18888333125 0.575044734375 0.18888333125 0.5810749859375 0.18032361875 0.5818830125 0.16745791875
1 0.6863574156250001 0.137404853125 0.6863574156250001 0.119464984375 0.6840407890625 0.1039315578125 0.675843740625 0.10690498749999999 0.6610378015625 0.129095971875 0.66529596875 0.13366585625 0.6719813218749999 0.13366585625 0.6771043484375 0.13366585625 0.6833515890624999 0.137754975 0.6863574156250001 0.137404853125
1 0.7587596859375 0.11924550468749999 0.7669867 0.125610421875 0.7736937515625 0.13035013906249998 0.7791939265625001 0.1111717828125 0.7873248453125 0.09640392187499999 0.783833378125 0.08379689375 0.77352429375 0.0736433359375 0.762982721875 0.0772098859375 0.7546782109375 0.0916380734375 0.750443809375 0.10970858125 0.7531086515625 0.119932684375 0.7587596859375 0.11924550468749999
1 0.7227672734375 0.2636893890625 0.7227672734375 0.2673029671875 0.73106351875 0.26820440156249997 0.7396852484374999 0.2719172703125 0.7548332046875 0.2719172703125 0.76150305625 0.2587615453125 0.78226071875 0.2626729875 0.790695421875 0.26195445156249997 0.7955115625 0.26135088125 0.7994680093750001 0.26135088125 0.8020336562500001 0.2335736140625 0.832445296875 0.2240967875 0.8144134421875 0.21515298437500002 0.8037447765625 0.21515298437500002 0.793215603125 0.204921040625 0.7880429796875 0.18509991875 0.776534253125 0.17045225 0.7707478578125 0.17045225 0.764360090625 0.1718318359375 0.7559160859375 0.166412775 0.7503652796875 0.16452367968749998 0.7361617453125 0.1578582875 0.7231371890625 0.1811727953125 0.7144968625 0.1817345609375 0.7043479390625 0.1981171640625 0.710995059375 0.217308590625 0.7156758390625 0.23652614375 0.7091558124999999 0.23635369218750002 0.6988725609374999 0.23635369218750002 0.695589815625 0.2511006515625 0.6975220578125 0.2699105984375 0.703844728125 0.2724189390625 0.7101023015625 0.270265946875 0.7187508968749999 0.259022828125 0.7227672734375 0.2636893890625
1 0.8101666421875 0.067291484375 0.8101666421875 0.0836139921875 0.8162537234375 0.0919542296875 0.82278615 0.09125659375 0.827967040625 0.0995393484375 0.8289042296875 0.11246514375000001 0.821130828125 0.13274613125 0.8208084421875 0.1511693734375 0.8291739171874999 0.1518121359375 0.8333297890625 0.1389255328125 0.8374980593749999 0.13559675468750002 0.8389570578125 0.1229688234375 0.848227690625 0.122299934375 0.8507127406249999 0.1082662875 0.8505753140625 0.09571674218750001 0.8552426609375001 0.082558396875 0.8480933625 0.064534921875 0.8372480046874999 0.0653527453125 0.8311733234375 0.0758694875 0.827875078125 0.0664710453125 0.817436834375 0.0600852296875 0.8101666421875 0.067291484375
1 0.91309628125 0.078268090625 0.9021393296875001 0.0808887828125 0.8924884484375 0.0876351765625 0.8860459171875 0.0962027296875 0.8837644250000001 0.10769145937499999 0.89473274375 0.11674500000000002 0.91357469375 0.11561625 0.9215082546875 0.10438358125 0.9223379828124999 0.08716225 0.91309628125 0.078268090625
1 0.9760863609375001 0.1211607296875 0.9824999609375 0.129558446875 0.9918987203125 0.12897839375 0.9961672203124999 0.1157599546875 0.9940076546875 0.1013422171875 0.97805166875 0.0978645078125 0.9754271265625001 0.1092931390625 0.9760863609375001 0.1211607296875
1 0.9219071015625 0.2820551515625 0.9440648640625 0.26462740625 0.958169203125 0.2434685 0.9507285171875001 0.2337460609375 0.9338415421875 0.2207444953125 0.8943452609375001 0.2394629921875 0.8975257109375001 0.2498569296875 0.8903082171875001 0.2722334265625 0.9010905453125 0.2807382703125 0.9219071015625 0.2820551515625
1 0.889980665625 0.3358590734375 0.8894619562500001 0.34866467968750003 0.8889649468749999 0.36886989375 0.8873499218750001 0.38768245156250003 0.8938503171875001 0.3925502015625 0.8988855156250001 0.38474037656250004 0.9036386249999999 0.38153701562500003 0.908831915625 0.38174865625 0.914982028125 0.36708531093749996 0.9294583484375 0.3357101390625 0.9306383593750001 0.3254677453125 0.8895942171875 0.334832221875 0.889980665625 0.3358590734375
1 0.6809625703125 0.34450083125000003 0.6928687203125 0.334836065625 0.6963387625 0.32586289687500003 0.689033378125 0.3047723484375 0.679812221875 0.3047723484375 0.6684815640624999 0.32121542187499996 0.67169583125 0.339140946875 0.6809625703125 0.34450083125000003
1 0.7008660859375 0.3037125375 0.7012579765625 0.3217709390625 0.7218661359375 0.3219454421875 0.7237356921875 0.3357117703125 0.7344129875000001 0.3357117703125 0.739031478125 0.330356684375 0.7426756218749999 0.32828829531250003 0.7424515046875 0.3120901640625 0.7359412984375 0.301693775 0.726418153125 0.30163934375 0.7213729484375 0.3015128734375 0.7008660859375 0.3037125375
1 0.5929415265625 0.3923123734375 0.6120182078124999 0.3927430203125 0.6144176703124999 0.3708087875 0.620324528125 0.3468045609375 0.6352081640625 0.3468045609375 0.6500924328125001 0.33212890625 0.6504571 0.314329853125 0.6570040265625 0.30506051562500003 0.672592940625 0.27355276562499997 0.6785915984375 0.2413502171875 0.6411669375 0.2143442625 0.6365693375 0.21233350468749998 0.625823034375 0.2382876515625 0.615839621875 0.2382876515625 0.61339204375 0.25323226249999997 0.6021994015625001 0.2684890484375 0.5801281406250001 0.295816790625 0.576990478125 0.3191838484375 0.595976625 0.3249135484375 0.60107184375 0.3446160984375 0.5938550953124999 0.341143696875 0.5845516359375 0.3460024953125 0.5845516359375 0.36568103281250003 0.5929415265625 0.3923123734375
1 0.5219737640625 0.3087554421875 0.5212317671875 0.3131147546875 0.5212450609375 0.3303582875 0.520799990625 0.3510646140625 0.520799990625 0.373064484375 0.5277995843750001 0.373064484375 0.5337064421875 0.3712666515625 0.5364268890624999 0.3575803640625 0.5363287578125 0.340227971875 0.5409833374999999 0.3335233109375 0.5430947374999999 0.32445248437499996 0.5363363546875 0.32445248437499996 0.5336007140625 0.31373270937500003 0.5327960390625 0.2986376140625 0.526258609375 0.2988937625 0.5219737640625 0.3087554421875
1 0.557326909375 0.27404425 0.5491459437499999 0.27404425 0.5415252734375 0.27404425 0.5391777249999999 0.28840772187499997 0.5391777249999999 0.3094742578125 0.5459373734375 0.31558017656250004 0.5545754406250001 0.3185722984375 0.560871025 0.30327388593750004 0.56436955625 0.285473234375 0.56436955625 0.26451715937500003 0.5571933234374999 0.24908907343750003 0.557326909375 0.27404425
1 0.5374214953124999 0.2711930078125 0.5404996453125 0.2665935578125 0.5403565640625 0.25122950781250003 0.5286745328125 0.249529328125 0.5212469609375 0.2560867046875 0.520427725 0.2560867046875 0.5168760125 0.2560867046875 0.507407946875 0.26185963125 0.50445451875 0.2676997953125 0.5044545171875 0.28346087343750004 0.5142353375 0.28616002812499997 0.5203289609375 0.2813828765625 0.5230557390625 0.2744508859375 0.5277577984375 0.2717661359375 0.5298147531249999 0.2711930078125 0.5374214953124999 0.2711930078125
1 0.53999949375 0.41872758593750004 0.5314424640625 0.41844262343749994 0.5309828296875 0.41914863125 0.5278084468750001 0.429464971875 0.529902121875 0.4385117828125 0.5402039859375 0.43814036874999995 0.542536340625 0.4301981921875 0.53999949375 0.41872758593750004
1 0.5059676359374999 0.49521324218749996 0.5019448953125 0.4823770484375 0.50214305625 0.48072009375 0.4945135234375 0.4872886796875 0.4945135234375 0.49285988593749996 0.4975087375 0.500752434375 0.503495365625 0.5000240125000001 0.5059676359374999 0.49521324218749996
1 0.48428636562499994 0.5811027125 0.496338128125 0.5811027125 0.5013643390625 0.5726290328125 0.49496239375 0.56374391875 0.49433055625 0.5488569421875 0.4847649921875 0.5434426234374999 0.47697465 0.5419761796875 0.47081138593749994 0.561009540625 0.4773133609375 0.5715772296875 0.48428636562499994 0.5811027125
1 0.5743441046875 0.62182216875 0.5753526390625 0.6302974515625 0.5818622109375 0.6296682875 0.5868447375 0.618360975 0.5862306265624999 0.6093397781250001 0.576175040625 0.608196721875 0.5743441046875 0.62182216875
1 0.652905946875 0.7133484875 0.6603791015625 0.7095767171875 0.6635205640625 0.705308659375 0.6614762703125 0.6987800984375 0.653282009375 0.6855388687499999 0.6364927328125 0.6864866140625 0.6302503296874999 0.6974705453125 0.6302110765625 0.7166351796875 0.6508205031250001 0.71758613125 0.652905946875 0.7133484875
1 0.560769728125 0.7265464921875 0.5625873671875 0.7367059421875 0.569051990625 0.73306064375 0.570998784375 0.728730146875 0.5689969109375 0.7169585703125 0.5632090765625 0.716803278125 0.560769728125 0.7265464921875
1 0.8962220046875 0.5532494390625 0.88010174375 0.553117053125 0.8802809546875 0.5540539421874999 0.8745260671875 0.5552522093750001 0.875546965625 0.5447495578125 0.8731541296875 0.529642234375 0.869069865625 0.529346909375 0.8651352765625001 0.542145959375 0.8654755765625 0.558563565625 0.8611584046875 0.5706786140625 0.8616047546875001 0.5997645781250001 0.8745260671875 0.6140555203125 0.9031951250000001 0.586934984375 0.9022460453125 0.5674096890625 0.8962220046875 0.5532494390625
1 0.8948003984374999 0.5097808859375 0.891488015625 0.49790684374999994 0.885005546875 0.5059501640625 0.885005546875 0.52161758125 0.8868030265625 0.52791611875 0.8948003984374999 0.52818089375 0.8948003984374999 0.5097808859375
1 0.9285571703125 0.557896540625 0.9299022593749999 0.577360734375 0.9365921296874999 0.5786727125 0.9419120796874999 0.5777544953125 0.9419120796874999 0.5558224875 0.9369049109375001 0.5514690125 0.9320407078124999 0.5514690125 0.9285571703125 0.557896540625
1 0.871541903125 0.2673288203125 0.8642935906250001 0.2606993203125 0.860273759375 0.2653905484375 0.8609107312500001 0.28284688125 0.8632028859374999 0.289206515625 0.8676120140625001 0.2897920734375 0.871453975 0.2837888609375 0.871541903125 0.2673288203125
1 0.8042767062499999 0.27795197968749996 0.7912667953125 0.277644775 0.7887893890625 0.284668040625 0.7887893890625 0.30163216875 0.795626925 0.3034159875 0.8020744921875 0.30358910625 0.8036055062499999 0.29460889687499997 0.8042767062499999 0.27795197968749996
1 0.8279172296875 0.28240390937500004 0.828887803125 0.2951116640625 0.83436768125 0.30040721718749996 0.836878053125 0.2895377046875 0.8365462000000001 0.2742868234375 0.8312599703125001 0.2742868234375 0.8279172296875 0.28240390937500004