1 0.7918382375 0.33233175 0.8252341890625001 0.35085017343749997 0.8489462968750001 0.3249923703125 0.8618530796874999 0.2628043265625 0.855261378125 0.21187532656250002 0.8001304015624999 0.21002215156249998 0.773675678125 0.2478855984375 0.7730238 0.290122 0.7918382375 0.33233175
1 0.5910293875 0.3169797171875 0.5910293875 0.3594894453125 0.613191140625 0.37478147812499996 0.6826034234375 0.3647023375 0.7095727828125 0.3527500109375 0.7070446078125 0.2857223796875 0.688946378125 0.2657840765625 0.651064471875 0.2719368796875 0.613491346875 0.273770065625 0.5910293875 0.3169797171875
1 0.5787701953125 0.25517164062500003 0.5807901640625001 0.2030760765625 0.5772670140625 0.20167618437499998 0.568621034375 0.1733919234375 0.5453399375 0.1779915328125 0.5414479609375 0.2150350546875 0.5538808421875 0.255658271875 0.5787701953125 0.25517164062500003
1 0.5170282203125 0.3106669234375 0.4972166609375 0.301674359375 0.47873245468750003 0.3060339890625 0.47029876562500006 0.3391311734375 0.46660835624999997 0.36007605468750004 0.4787474609375 0.40069927187500004 0.5094865765625001 0.408611934375 0.5297956187499999 0.3828941203125 0.52993714375 0.3554764453125 0.5170282203125 0.3106669234375
1 0.363270471875 0.5279751203124999 0.3642568703125 0.536034434375 0.35264955625 0.539980771875 0.35264955625 0.60094225 0.3722552546875 0.6254268374999999 0.43069709375 0.627113359375 0.4531612 0.6277933046874999 0.4807953078125 0.5909897609375 0.4862976859375 0.566891815625 0.464457584375 0.4961111625 0.43141759375 0.4847321296875 0.42058438750000005 0.5100299781250001 0.38553086406250003 0.5100299781250001 0.363270471875 0.5279751203124999
1 0.39307894062500004 0.237446478125 0.381941240625 0.21078875 0.3729628875 0.19839646718749998 0.32861150625 0.20032296718749998 0.3119049546875 0.2462057390625 0.3139442234375 0.2922151625 0.32690246875 0.3084204453125 0.3446383046875 0.3405843796875 0.364246146875 0.3405843796875 0.379142878125 0.34168429375 0.37767829375 0.33789128281249997 0.39433338125 0.2915352171875 0.39307894062500004 0.237446478125
1 0.32535211249999996 0.3359514453125 0.31993550625 0.3805143265625 0.320735346875 0.4313566625 0.338915059375 0.4362229234375 0.3569532484375 0.43303652187499997 0.3568239515625 0.38117282656249996 0.3446361609375 0.35433654375 0.32535211249999996 0.3359514453125
1 0.1927461328125 0.3635957609375 0.1787886265625 0.3643223703125 0.17032705937499998 0.3643223703125 0.165553759375 0.4089052390625 0.177030265625 0.453134815625 0.184779909375 0.496344478125 0.22361390625 0.5108899015625 0.2670603734375 0.47207987031250004 0.2733261359375 0.42598379375000006 0.253701140625 0.3931665765625 0.2064506078125 0.38549390156249996 0.1927461328125 0.3635957609375
1 0.12376700624999999 0.560699 0.1518385625 0.5597724125 0.1606003359375 0.525228684375 0.1606003359375 0.48259897812499997 0.14738476875 0.47201320625000004 0.1301013875 0.4641738796875 0.11607954843749999 0.46488715156250005 0.100623146875 0.4921315 0.1076265625 0.5407940328125 0.12376700624999999 0.560699
1 0.0819609578125 1 0.1055765734375 0.9586185109375001 0.10742499375 0.9199018046875 0.0617655671875 0.904503109375 0.025865028125 0.9111158796875 0.012619440625 0.9111158796875 0 0.925647978125 0 1 0.0819609578125 1
1 0.3906965796875 0.8057915 0.36046353125 0.7618685765625 0.277496878125 0.7623151953125 0.1866433421875 0.8003586296874999 0.1823975484375 0.8499544125 0.19564957031250002 0.8912909015625001 0.28811565 0.8828316203125001 0.37716794062500003 0.8596469234375 0.3906965796875 0.8057915
1 0.49440329062500005 1 0.6446293078124999 0.9941155 0.679060971875 0.95919179375 0.6808622171875001 0.9151022171875001 0.6801117 0.85733379375 0.65758111875 0.8350556843750001 0.56210653125 0.8554406203125 0.49844751406250004 0.8839781953125 0.49898145468750005 0.87984520625 0.488412003125 0.9343672390625001 0.49440329062500005 1
1 0.574026915625 0.7724476734375 0.6153740765625 0.761108640625 0.6231237234375 0.7441567390625 0.6120267625 0.6834219015625 0.63333935625 0.6450251734375 0.632550240625 0.5793774125 0.603558765625 0.5760510328125 0.5751998703125001 0.615374359375 0.5871438421875 0.6610504781250001 0.5827844015625 0.6879815218750001 0.5518394328125 0.689408065625 0.52557126875 0.689408065625 0.5013659609375 0.7314578265625 0.5192111578125 0.7724476734375 0.574026915625 0.7724476734375
1 0.8552377906249999 0.461394109375 0.8409929406250001 0.423217359375 0.8220026671875 0.419857640625 0.808776378125 0.4609274890625 0.80856194375 0.5204824234375 0.833266884375 0.5331680109375 0.8543714796874999 0.49563120625 0.8552377906249999 0.461394109375
1 0.909678290625 0.5961026625 0.8888803390625 0.5937361953125 0.8766704687500001 0.5937361953125 0.8721137453125 0.6198673046875001 0.8721137453125 0.6406655437500001 0.8772194203125 0.6594239453124999 0.8840405625000001 0.66125045625 0.871397534375 0.6774690765625 0.851435878125 0.6601705546875001 0.8389643953125001 0.6389990109375 0.8289160203125 0.6416521203125 0.8129342546875 0.6510046625 0.8009731265625 0.7028135875 0.8063682859375 0.74207025 0.8538568359375001 0.7588688265625 0.86792585 0.7304245765624999 0.885114878125 0.7244450875 0.9018664609375 0.7611686296875 0.9216394203125 0.758122228125 0.9256557687500001 0.7312178484375 0.9223727828125 0.679682228125 0.910606790625 0.679682228125 0.9186459203125 0.6453918046875 0.920159825 0.5961026625 0.909678290625 0.5961026625
1 1 0.26060304375 0.9888962031249999 0.26060304375 0.979007821875 0.2674950109375 0.987412946875 0.330724521875 1 0.3516129890625 1 0.349495521875 1 0.26060304375
1 1 0.47143348906250004 0.9915260937499999 0.45821366250000006 0.974920971875 0.47920841249999996 0.9686513187499999 0.5204702828125 0.9800887062499999 0.5610617718750001 1 0.5776499015625001 1 0.47143348906250004
1 0.9647696015625 0.12139019531249999 0.9758125062499999 0.0937405765625 0.977600828125 0.036969728125000004 0.9671654296875 0.008249109374999999 0.9478304828124999 0.0029104890625 0.9387626265625 0.05049204375000001 0.9458422859375 0.09121433749999999 0.9647696015625 0.12139019531249999
1 0.8970446921875 0.22806444531249997 0.891514034375 0.21038896718750003 0.8805710671875 0.202941065625 0.8705143703125 0.21557225 0.869593909375 0.2474404453125 0.869593909375 0.2779760328125 0.8828143640624999 0.28468814062500003 0.8942938281249999 0.2576435 0.8970446921875 0.22806444531249997
1 1 0.8319823156249999 0.983052590625 0.8409099890625 0.9602251531249999 0.8498867171875 0.960937853125 0.909494478125 0.9798651640625 0.9354272390625 1 0.964434 1 0.9275460328125 1 0.8319823156249999