1 0.664479928125 0.61227603125 0.655238371875 0.613889809375 0.655238371875 0.6181932296875 0.6543142203125 0.622227675 0.6543142203125 0.6284138109375 0.6543142203125 0.6351378984375 0.656162521875 0.6407861203125 0.6506175843750001 0.652620478125 0.645072646875 0.6571928359375 0.6496934343749999 0.6604203921875 0.6543142203125 0.6660686140625 0.6506175843750001 0.672523725 0.656162521875 0.677365059375 0.660783309375 0.6859719 0.6709490328125 0.694578703125 0.6792664234375 0.6789788375 0.6820388921875 0.6701030593749999 0.685735528125 0.6727927015625 0.6931287687500001 0.6690272328125 0.6959012359375001 0.6515446140625001 0.6903562984375 0.6483170578124999 0.685735528125 0.6434757234374999 0.6848113609375 0.6321792984375 0.68388724375 0.6176552984375 0.6866597140625 0.599634784375 0.686528390625 0.5833599046875 0.6755698375 0.58349700625 0.672797334375 0.5953313640625 0.667252396875 0.603131296875 0.667252396875 0.6087795203125 0.664479928125 0.61227603125
1 0.6228928953125 0.641861946875 0.6219687453125 0.6639169234375 0.6330586203124999 0.652620478125 0.6386035578125 0.6259931437499999 0.6395277078125 0.6017864765625001 0.6443958078125 0.5820687 0.6284378328125 0.5845728515624999 0.6265895312499999 0.6039381859375 0.619196275 0.613620853125 0.6182721250000001 0.6292207000000001 0.6228928953125 0.641861946875
1 0.7502583359375 0.362800359375 0.7447133984375001 0.33778682187500003 0.734547690625 0.3119663765625 0.7216095140625 0.29287001875 0.7105196390625 0.28695282031249997 0.715140409375 0.3012078640625 0.7160645765625 0.31815253125 0.7160645765625 0.3369799328125 0.7206853468750001 0.358765915625 0.7280785859375001 0.37571058281249997 0.7336235234374999 0.394269028125 0.738244328125 0.40986889375 0.7447133984375001 0.44322031562499997 0.7594999109375 0.44133756249999995 0.7539549734375 0.4125585359375 0.7622723796875001 0.38942769374999997 0.749334203125 0.37813125 0.7502583359375 0.362800359375
1 0.339165709375 0.8513270937499999 0.335291640625 0.848320446875 0.3262521328125 0.8530183359375 0.3191496828125 0.8518908406250001 0.3075274765625 0.8492600296875 0.3010706890625 0.854521665625 0.3049447578125 0.8646691140625 0.301716375 0.8800781984375 0.30365340937499996 0.887219 0.30365340937499996 0.89830603125 0.30042502656250003 0.9084534796874999 0.299779340625 0.91991631875 0.29525958750000003 0.9295000203124999 0.2971966203125 0.9345737453125 0.30042502656250003 0.9467882843750001 0.30300772343750004 0.953741175 0.299779340625 0.9653919390624999 0.29784230625 0.9697139921875 0.30559044375 0.967646928125 0.310110196875 0.9702777390625 0.32689781875 0.9700898406249999 0.3281891671875 0.9326946062499999 0.3301262 0.9037555765624999 0.3281891671875 0.8781990453124999 0.33464595468749997 0.864293278125 0.339165709375 0.8603470484375 0.339165709375 0.8513270937499999
1 0.3598273984375 0.79739529375 0.352724946875 0.7947644703125001 0.3430397765625 0.790818240625 0.335291640625 0.7940128109375 0.3307718875 0.8020931828125001 0.3294805390625 0.812804378125 0.32689781875 0.8186297734375 0.314629928125 0.8199451796874999 0.3042990953125 0.820321015625 0.2900941703125 0.8253947390624999 0.29073985625 0.8289651328125001 0.30365340937499996 0.8315959578125 0.3172126484375 0.8346026046875 0.3197953671875 0.84155548125 0.31269289375 0.84907211875 0.321732403125 0.8496358531249999 0.3314175734375 0.8456896359374999 0.33593730312500003 0.8421192281250001 0.3430397765625 0.8372334296874999 0.3488508796875 0.8291530453125 0.35337060937500003 0.819193521875 0.3572446796875 0.8156231140625 0.361118746875 0.8056635906249999 0.3598273984375 0.79739529375
1 0.39364168125 0.8579261218750001 0.41172067500000004 0.8558590593750001 0.41494905624999995 0.8466511796875 0.41172067500000004 0.842517025 0.39299601875 0.842517025 0.391058984375 0.8475907484375 0.38976761249999997 0.8537919671875001 0.39364168125 0.8579261218750001
1 0.4265712609375 0.72845219375 0.41042932499999996 0.7158618453125001 0.40784660468749995 0.7201839109375 0.40526388593749996 0.7325863484374999 0.40397253749999995 0.744800859375 0.4072009203125 0.7575791328125 0.41430339375 0.7716728109375001 0.423342878125 0.7637803515625 0.42786263281250003 0.753632903125 0.42786263281250003 0.7421700359375001 0.4265712609375 0.72845219375
1 0.3852478828125 0.6715137328125 0.384602196875 0.6600508796875 0.3723343046875 0.6546013187499999 0.37362567812499997 0.6519705015625 0.3794367796875 0.641823053125 0.3794367796875 0.632051440625 0.36975162031250003 0.6286689578125 0.3542553484375 0.6281052109374999 0.3523183140625 0.63374268125 0.345215828125 0.655352984375 0.345215828125 0.6677554140625 0.3458615140625 0.67903035625 0.3465072125 0.690869046875 0.3465072125 0.7028956609375 0.3458615140625 0.714170603125 0.34392448125 0.7258213828125 0.344570178125 0.738787565625 0.3432787953125 0.7491229265625 0.3497355828125 0.7543845609375001 0.362003484375 0.7494987484375 0.3858935453125 0.7459283546875 0.3884762640625 0.730331359375 0.3826651625 0.7209355687500001 0.3719788859375 0.711815675 0.359420753125 0.708157296875 0.3671688890625 0.7008285828124999 0.370397271875 0.6944394546875 0.3820194765625 0.68166118125 0.3852478828125 0.6715137328125
1 0.4310545265625 0.6945049625 0.4310545265625 0.6813400015625 0.41813026875 0.6892389890625 0.4116681640625 0.7020278171875 0.42360305781249996 0.711542084375 0.4310545265625 0.6945049625
1 0.4133431515625 0.6638276875 0.41558646406250005 0.6675001703125 0.4189514359375 0.670519765625 0.4251205546875 0.6727232562500001 0.434093821875 0.6737841999999999 0.43886085625 0.6714990953125 0.4399825234375 0.665867953125 0.4363371265625 0.65958393125 0.43241133437499996 0.6571356078125 0.42427931250000006 0.6577884953125 0.41670812343749997 0.6579517140625 0.41166066562500003 0.65958393125 0.4133431515625 0.6638276875
1 0.44307314218749994 0.61916201875 0.44363396718750003 0.6154079328125001 0.44363396718750003 0.6110825609375 0.44054941249999996 0.606267525 0.44139065625 0.602105378125 0.44139065625 0.5982696765625 0.44139065625 0.5918224296875 0.43858650781249997 0.5861096734375 0.4411102390625 0.58064175625 0.437745265625 0.575010615625 0.4326978078125 0.5732967890625 0.42652869843749996 0.5746025593749999 0.4245657953125 0.5797440359375 0.42344413437500006 0.5858648421875 0.421200821875 0.5897005484375 0.4175554328125 0.5937810875 0.41391005312500007 0.5989225640625 0.4091430015625 0.6021869921875 0.40802135625 0.6081445750000001 0.40942341875 0.6151631 0.414190459375 0.6234873953125 0.42063999687500003 0.6316484625000001 0.42933283437499997 0.6309955796875 0.4326978078125 0.6306691328125 0.4380256828125 0.628302425 0.44026899375 0.6247115562500001 0.44307314218749994 0.61916201875
1 0.449080365625 0 0.396736165625 0.20384401093750001 0.407711575 0.209986771875 0.40855581562500004 0.24070061250000002 0.3857607875 0.29328269218749997 0.3747853796875 0.3244879421875 0.3723146203125 0.336752046875 0.366697025 0.35440913749999997 0.35995594375 0.3717392296875 0.384673215625 0.3772979515625 0.3975529140625 0.39169269375 0.39250545625 0.41380869843749996 0.3849342671875 0.41878695156249995 0.37988680937499997 0.4305388984375 0.37876515781250003 0.44604494375000003 0.3773630796875 0.46399842031249994 0.38044764375 0.472322715625 0.3796064015625 0.4870126484375 0.37455894375 0.500151975 0.369511484375 0.5164741187499999 0.36614651249999997 0.5336926531249999 0.3664269203125 0.5414456750000001 0.36586609531250003 0.5486274250000001 0.36474443437500004 0.558257490625 0.36474443437500004 0.567805946875 0.3644640265625 0.5734370890625 0.362501121875 0.582006215625 0.3616598796875 0.593023665625 0.36081863593749997 0.60836648125 0.38238373281250004 0.5685505671875 0.3975804375 0.530956834375 0.41024435937500003 0.5203912984375 0.39589192500000003 0.5073686078125 0.4110886015625 0.4761508515625 0.41024435937500003 0.451108384375 0.41868695312500004 0.4154803421875 0.435572203125 0.33804265 0.43979350000000006 0.2259809921875 0.45173555624999995 0.21213604218749998 0.4734385546875 0.2102813328125 0.4988329421875 0.21256572031249998 0.4954147203125 0.2030791484375 0.4903358328125 0.1895071703125 0.4550521515625 0.1836481828125 0.4566787171875 0.1444050234375 0.46427707187499995 0.0999314140625 0.48200656249999996 0.0434179515625 0.49551472343749997 0 0.449080365625 0
1 0.5555253078125 0.5890089828125 0.55691045625 0.5821558015625 0.5578339 0.57046508125 0.5485995671875 0.57274946875 0.54213555 0.5773182625 0.54398241875 0.5840370609375001 0.545829271875 0.5888746 0.5555253078125 0.5890089828125
1 0.575564146875 0.43575148593749996 0.5764875734375 0.426479534375 0.577872721875 0.41895447968750005 0.5654063890625001 0.4146544421875 0.5677149625 0.4092794015625 0.5723321296874999 0.40014182343750004 0.564021240625 0.3957074125 0.56355951875 0.390735490625 0.5654063890625001 0.37837289687500003 0.5584806484375 0.379985409375 0.5524783359375001 0.39543865624999996 0.5510931875 0.4086075171875 0.5501697609375 0.42379201875000005 0.5427822984375 0.4460984484375 0.5575572234374999 0.44797970625000005 0.5764875734375 0.45012973125 0.575564146875 0.444351553125 0.57094698125 0.43776712656249994 0.575564146875 0.43575148593749996
1 0.5883864421875 0.317022815625 0.5851544421875 0.3094977609375 0.5902333125 0.30143519531249996 0.58607786875 0.28866946250000003 0.5731498140625 0.29283511875 0.5713029609375 0.30573522343750004 0.5689943703125 0.329922921875 0.5703795171875 0.3374479765625 0.580537275 0.3420167703125 0.587463015625 0.3312666890625 0.5897715906250001 0.3245478703125 0.5883864421875 0.317022815625
1 0.518948715625 0.12153028749999999 0.5087909578125 0.127308446875 0.522180715625 0.1363116515625 0.5055589390625 0.13967106093749998 0.48478171875 0.13617726875 0.47000681093749996 0.13590852343749998 0.4833965703125 0.14182106562500002 0.49540119843749997 0.14921175625 0.5083292359375 0.1485398828125 0.532800196875 0.14370234375 0.5415727890625 0.13953667812499998 0.5406493625000001 0.133489753125 0.5351087703124999 0.12838346875 0.540187640625 0.12287403593749999 0.5489602515625001 0.1164239828125 0.5526539734375 0.1102426953125 0.5461899546875 0.10540515624999999 0.551730546875 0.0978800921875 0.5554242703125001 0.086189371875 0.563273453125 0.08135183124999999 0.5586562875000001 0.0773205484375 0.5535774171875001 0.07261739218749999 0.5466516765625 0.0687204828125 0.5374173437499999 0.0649579546875 0.5244893078125 0.0649579546875 0.5175635671875 0.0775893046875 0.5106378265625 0.0916987953125 0.513408121875 0.0986863484375 0.5175635671875 0.1067489046875 0.5226424375 0.11467710625000001 0.518948715625 0.12153028749999999
1 0.555120271875 0.494098334375 0.55562651875 0.5026437421875001 0.555120271875 0.5092737953124999 0.555120271875 0.51885053125 0.5698012578125 0.520176540625 0.5698012578125 0.5030857453124999 0.5738511984375 0.49144631250000004 0.5753699218749999 0.4773022 0.5746783875 0.463670703125 0.5632201359375 0.46802013750000004 0.5586639671875 0.47288217499999996 0.5561327484375 0.47936488749999995 0.5576514718750001 0.4861422703125 0.555120271875 0.494098334375
1 0.5723324765625 0.5371200171875 0.5728387046875001 0.5353520031250001 0.5677763046875001 0.5335839890625 0.55827965625 0.5313952296875 0.55360155 0.5347626578125 0.5541077953125 0.537709340625 0.5596764421875 0.5413927109375 0.5692950296875 0.5388880312500001 0.5723324765625 0.5371200171875