1 0.24054705625 0.7196847984375 0.25012140625 0.7039882671875 0.24539021875000003 0.696591828125 0.2353364546875 0.693495646875 0.22764829843749998 0.70175213125 0.22646549375 0.7113846890625 0.24054705625 0.7196847984375
1 0.25248698593749996 0.6372483578125 0.2566267578125 0.629335890625 0.2643149421875 0.625723678125 0.2578095625 0.6198320390625 0.2601751421875 0.6065872546875 0.2607665578125 0.5957506203125 0.2649063296875 0.5861180625 0.2761428703125 0.5835379109375001 0.26963751875 0.57820559375 0.267863325 0.5716692171875 0.27082029375 0.5608325828125 0.2672719109375 0.5549873875 0.27022890624999996 0.544666784375 0.2779170625 0.5360662859375 0.2796912546875 0.5238535765625 0.2838310546875 0.5087166859375001 0.2820568625 0.497880053125 0.28501383125 0.48501949062499994 0.2838310546875 0.4709146609375 0.2838310546875 0.465238328125 0.27496009374999997 0.47899914375 0.26313213750000003 0.5060047125 0.2607665578125 0.5261298890624999 0.25307837499999997 0.5534794890625 0.25012140625 0.5715405453125 0.2323794859375 0.64484863125 0.23060529375 0.6665219 0.23168168437499997 0.683033784375 0.24716441093750002 0.6776707281250001 0.2489386015625 0.6642539421875 0.25012140625 0.654277353125 0.2584009515625 0.6496330828125 0.26313213750000003 0.642408659375 0.25248698593749996 0.6372483578125
1 0.28642924999999997 0.6508425625 0.2904462859375 0.652789840625 0.2931243140625 0.651621471875 0.28971339218750003 0.6478448625000001 0.28642924999999997 0.6508425625
1 0.2907810328125 0.617154578125 0.29848035624999997 0.619101865625 0.30015412656249996 0.6137468375 0.29546757968750004 0.6119942828125 0.292454803125 0.6130652859375 0.2907810328125 0.617154578125
1 0.2979899328125 0.6019971749999999 0.292299128125 0.605599640625 0.296985675 0.6079363796874999 0.3016722203125 0.60842320625 0.3020069671875 0.6050154562500001 0.2979899328125 0.6019971749999999
1 0.310551709375 0.5707709921874999 0.3035218984375 0.5691158046875 0.3045261578125 0.566097515625 0.297161596875 0.5637607765625 0.2901317859375 0.5653186046875 0.2901317859375 0.5723288203125 0.292140303125 0.5771970234375 0.2964920875 0.580312671875 0.29874602656250004 0.5834158796875 0.30519566875000004 0.5835256875 0.3048609046875 0.579923221875 0.303856646875 0.5759312875 0.307538934375 0.574665559375 0.310551709375 0.5707709921874999
1 0.3102372125 0.5218269046875 0.3135847515625 0.508293290625 0.31559326875 0.4958306875 0.311910965625 0.48979411562499997 0.3015336296875 0.485996915625 0.298520853125 0.487652103125 0.2958428234375 0.4929097640625 0.294838565625 0.5002120734375 0.29450381875 0.51345359375 0.2921605515625 0.5273766578125 0.2931648109375 0.5458758421875001 0.2991903640625 0.5488941234375 0.30454640624999996 0.5500624921874999 0.30923295156249997 0.54178655 0.3112414703125 0.531368584375 0.3102372125 0.5218269046875
1 0.303042865625 0.47063646718749996 0.3050513828125 0.4790097875 0.309403165625 0.4811517921875 0.31375496406250003 0.4752125875 0.318441496875 0.46372361093750003 0.3217890359375 0.451358375 0.32245853125 0.4384089453125 0.32312805624999996 0.4313013625 0.32312805624999996 0.42915935781250003 0.319111021875 0.42701734374999994 0.3217890359375 0.4175730234375 0.32279329375 0.412218003125 0.32279329375 0.4092970796875 0.308280475 0.413358428125 0.2986910828125 0.418838759375 0.2990258296875 0.4313013625 0.29668256406250004 0.445711253125 0.2970173125 0.46002378593750004 0.2956783046875 0.46761818593750004 0.303042865625 0.47063646718749996
1 0.3202563875 0.3945316921875 0.3195868765625 0.390052940625 0.3165741 0.38976084843750003 0.316908846875 0.3999840796875 0.3202563875 0.3945316921875
1 0.32895805624999996 0.346905765625 0.3302970765625 0.33230115 0.3346488609375 0.3160413375 0.33397935 0.3059154734375 0.32795379687500004 0.3003657203125 0.3269495375 0.279432434375 0.321593496875 0.2765115109375 0.3205892375 0.28731892812500004 0.319919725 0.29802898125 0.32092398437499997 0.3041629203125 0.3182459703125 0.3165281640625 0.31556794374999997 0.329477584375 0.3172417125 0.3401876421875 0.31757646093749997 0.34797676875 0.3165722015625 0.361802475 0.3178149234375 0.3750808921875 0.325275784375 0.3670601359375 0.33163608437500003 0.366573309375 0.33598786718749996 0.362386659375 0.33598786718749996 0.3524555203125 0.32895805624999996 0.346905765625
1 0.2956148703125 0.4084381953125 0.30058128125 0.39664145156249997 0.2956148703125 0.3879744609375 0.2997535203125 0.3725664921875 0.2980980765625 0.36365874531250003 0.297270315625 0.35643625156250003 0.2989258359375 0.35113975000000003 0.30471993125 0.3436765234375 0.30471993125 0.331639021875 0.30471993125 0.316231053125 0.2997535203125 0.3003415703125 0.302236725 0.2887855828125 0.29644263125000003 0.2500248609375 0.29395942656249996 0.2415986265625 0.288993015625 0.278516509375 0.28476667187500004 0.2964073375 0.27483385 0.2903885859375 0.27731705624999997 0.3219267953125 0.2765769515625 0.3505006734375 0.27711652343750004 0.46685730625 0.2840266046875 0.4577919 0.288993015625 0.448884175 0.2914762203125 0.43805043593750004 0.2956148703125 0.420234940625 0.2956148703125 0.4084381953125
1 0.292689115625 0.1239234515625 0.29685787656249996 0.1095938859375 0.28510952500000003 0.10794046875 0.2816987125 0.12337231875000002 0.292689115625 0.1239234515625
1 0.2888993125 0.1478428203125 0.288141365625 0.138142796875 0.2813197390625 0.1411189390625 0.27174626874999996 0.1474259140625 0.2691923984375 0.1874144828125 0.2866254375 0.18388720625 0.28700442656249997 0.172203090625 0.28700442656249997 0.1597473875 0.2888993125 0.1478428203125
1 0.2710779859375 0.2480670171875 0.2699410484375 0.26063295000000003 0.2843422484375 0.2459726921875 0.2843422484375 0.21764423125 0.2843422484375 0.2088260359375 0.2760047109375 0.207613528125 0.2725938984375 0.21632150156250002 0.27032002187500004 0.23252494218750003 0.2710779859375 0.2480670171875
1 0.302154278125 0.225139696875 0.3002593765625 0.21488854062499999 0.29988040312500003 0.2092669390625 0.30518611875 0.20188170468750002 0.30101734062499996 0.195708959375 0.29495367968749997 0.178623703125 0.295711625 0.1885441765625 0.292679803125 0.19747260312499998 0.290405928125 0.20717262343749998 0.292679803125 0.21632150156250002 0.2960906171875 0.2308715296875 0.3013963140625 0.23858745781250001 0.3036701890625 0.2336272203125 0.302154278125 0.225139696875
1 0.331024378125 0.2631528203125 0.33256775625 0.22710811406250003 0.32375504843749997 0.23007699062500003 0.31920939375 0.2585025109375 0.32375504843749997 0.27618583281250003 0.328927040625 0.2737264546875 0.331024378125 0.2631528203125
1 0.21083084843750002 0.9082431124999999 0.20664949687499998 0.9019596265625 0.20525570312500002 0.8940545796875 0.1925691640625 0.8906439531249999 0.18574274375 0.9339851937500001 0.1934085640625 0.9366202156250001 0.1961961203125 0.92912055 0.1968930015625 0.9145266171875001 0.21083084843750002 0.9082431124999999