1 0 0.3400603921875 0.02273575625 0.3562213078125 0.044805178125 0.340288940625 0.0490266546875 0.3096600484375 0.066285934375 0.3015477359375 0.06602021875 0.25236448437500003 0.048243134375 0.2358726484375 0.029093864062500002 0.22241196875 0.0442982734375 0.1951399 0.0424832265625 0.173863340625 0.022832504687499998 0.1656633484375 0 0.1686026515625 0 0.3400603921875
1 0.0074227265625 0.11869978750000001 0.0024473609375 0.14399441562499998 0.0084937296875 0.1651995921875 0.02621421875 0.16536616875000001 0.031849218750000005 0.1433642 0.0233418984375 0.120162884375 0.0074227265625 0.11869978750000001
1 0.0606612109375 0.5267508921874999 0.0639874828125 0.545224215625 0.09329691875 0.5437278046875 0.1342424203125 0.5069060921874999 0.110681246875 0.4578132484375 0.094224759375 0.4541069234375 0.06567916093750001 0.453551671875 0.05930025625 0.4269993921875 0.042943440625 0.4250504484375 0.020876415625 0.4463444640625 0.0206643890625 0.48512622812500006 0.0488964796875 0.49204192343750003 0.0434970625 0.51623436875 0.046618559375 0.5330613640624999 0.0606612109375 0.5267508921874999
1 0.18045051875 0.476922340625 0.1756065375 0.5007372125 0.18861080624999998 0.5145935921875 0.205763171875 0.506206471875 0.20858293906249997 0.49177262343750006 0.20537174062500002 0.46851578437499997 0.19443064999999998 0.45745511250000004 0.18045051875 0.476922340625
1 0.28419289375 0.4373993125 0.264196296875 0.41474492031250004 0.24839582187499998 0.41474492031250004 0.2289437875 0.4453227953125 0.214354759375 0.46181663593750005 0.2140992421875 0.4896987484375 0.217415546875 0.4978859796875 0.23799838750000002 0.49122570000000004 0.2644934953125 0.48957936875 0.2834743609375 0.45853507968749996 0.28419289375 0.4373993125
1 0.278282440625 0.49457943593750003 0.270707490625 0.5015812000000001 0.26767479375000003 0.5193549 0.2666853375 0.521026215625 0.292771796875 0.5229474 0.29441726562500004 0.5086718 0.2905364625 0.49457943593750003 0.278282440625 0.49457943593750003
1 0.3680464984375 0.4790461875 0.3829834640625 0.4727551515625 0.4017695203125 0.440650328125 0.3984767734375 0.421496815625 0.40157471093749997 0.3927235203125 0.3941229890625 0.37792598437499997 0.3824099078125 0.383545159375 0.3738473140625 0.377392940625 0.3722679921875 0.3904664125 0.3729194734375 0.40848997656249997 0.36104873125000003 0.41558613125 0.3347121890625 0.41729354062499996 0.3225315625 0.44113895156250005 0.319641121875 0.47761640781250003 0.3224518265625 0.493388415625 0.3352042 0.507330859375 0.3495005578125 0.50808323125 0.363210671875 0.497425115625 0.3680464984375 0.4790461875
1 0.147016928125 0.46034679531249995 0.165294425 0.45755714062499997 0.18079694375 0.44895885625 0.19238702968750002 0.4318454515625 0.20883702187500003 0.42695662343749996 0.2171652375 0.4455618796875 0.2286212625 0.4398716921875 0.2366501015625 0.41654393125 0.22924879687500002 0.395101140625 0.22537913125000003 0.371692740625 0.21556966875 0.3537754515625 0.19878246718749998 0.35455917656249997 0.187736028125 0.37654628749999997 0.17248846874999998 0.3683335640625 0.1577903125 0.37203294374999996 0.1448184953125 0.3901014359375 0.1319675828125 0.37404643125 0.1094503125 0.377702971875 0.0985362890625 0.40127517187499995 0.10043205468750001 0.4284207515625 0.10571012500000002 0.44210562812500004 0.11566974375000001 0.45097990781249997 0.135771453125 0.43385642031250005 0.1369944484375 0.44719736875000005 0.147016928125 0.46034679531249995
1 0.12388112343749999 0.3137813359375 0.1459924671875 0.3151250953125 0.15150705 0.32270774375 0.187760884375 0.3216556234375 0.193177875 0.300816259375 0.21075899531250003 0.302182171875 0.21844953125000002 0.2896564046875 0.21752059531249998 0.2651290796875 0.23956085312500003 0.2602228765625 0.2317414 0.2214457875 0.310303421875 0.20983924062499998 0.3152758234375 0.1770943046875 0.302892409375 0.11691671562499999 0.27434236562500003 0.11356839218749999 0.2282895140625 0.14586294375 0.214755471875 0.14723624062500001 0.2045383734375 0.12494605624999999 0.1725509015625 0.1361096046875 0.17052314375 0.16164105625 0.17595820625 0.1707889640625 0.16800380937499998 0.198166240625 0.19482851406249999 0.20302075937500003 0.190468175 0.217536328125 0.1635808171875 0.22429943125000001 0.1221738546875 0.20201663124999997 0.101962553125 0.20558276874999998 0.09212859531249999 0.22982583124999997 0.072632971875 0.2588643515625 0.0613797046875 0.33373101250000003 0.08278139531249999 0.3462863125 0.11020731875 0.3343549 0.112832678125 0.3160996921875 0.1170436171875 0.333276940625 0.12388112343749999 0.3343549 0.12388112343749999 0.3137813359375
1 0.28369679531249997 0.3523701515625 0.274272484375 0.33982961562499997 0.2600155359375 0.3403464484375 0.2572672796875 0.3679969078125 0.2641830984375 0.386536371875 0.2745218875 0.38699414062500004 0.2801388828125 0.3703411046875 0.28369679531249997 0.3523701515625
1 0.30257433125 0.3949717921875 0.30633345312500004 0.41369215156249994 0.3195445953125 0.4168965046875 0.32818936875000004 0.4082100515625 0.33046291562499996 0.3848345234375 0.32821708125 0.36154759531249997 0.319442184375 0.35572955624999997 0.30772625468750003 0.3649992875 0.30257433125 0.3949717921875
1 0.3301882109375 0.2901732359375 0.3421499265625 0.2867843 0.353597175 0.28017255625000004 0.35385621718750004 0.2559221046875 0.3484283828125 0.23772596406250002 0.3237025203125 0.239150940625 0.312031171875 0.24953924375 0.30732263125000003 0.2693191046875 0.2961308125 0.27801663125 0.293889796875 0.2927500046875 0.298570625 0.3148297640625 0.298327246875 0.31554225156250004 0.30556596406250003 0.32106126874999996 0.3199361703125 0.316697740625 0.324383259375 0.3042642640625 0.3301882109375 0.2901732359375
1 0.391083878125 0.22438005625000002 0.3965627546875 0.21561229218750003 0.40922205624999997 0.21408459999999999 0.41959641875000003 0.22217685625 0.4259865578125 0.22376344062500003 0.43330265468749996 0.2218269765625 0.440895746875 0.20853849531250002 0.44560355625000003 0.1946715 0.4412598 0.16814303125000002 0.43805455625 0.1527171640625 0.4278531734375 0.14786735625 0.4141084984375 0.1475832921875 0.4020178875 0.173162584375 0.3902924609375 0.14254295625 0.37356300781249996 0.1393559359375 0.359255296875 0.1470602078125 0.3359005421875 0.1664663796875 0.3316901953125 0.1931992359375 0.3476904140625 0.22254059218750002 0.36092292656249997 0.2240301765625 0.3704018578125 0.22626802031249998 0.3798050375 0.22214914375 0.3829639265625 0.209917228125 0.3838548375 0.22349670000000002 0.391083878125 0.22438005625000002
1 0.49098009062500003 0.3027945796875 0.45847993125000003 0.3011144640625 0.449180765625 0.29542286406249996 0.44080642968749995 0.3089884796875 0.40445093437499996 0.31625626875 0.3969109796875 0.337200528125 0.4029868109375 0.35531457187500004 0.49407453593749995 0.33420057187499996 0.49735892187499997 0.3146731515625 0.49098009062500003 0.3027945796875
1 0.46612955468750006 0.4801695046875 0.48253452656249995 0.45288238437499995 0.48222813281250004 0.43859622812500004 0.46997132500000005 0.4156947234375 0.458751275 0.4164706921875 0.4494148 0.4196542484375 0.44100428437500006 0.43606739531249994 0.43577300937499996 0.45552206875 0.4506822 0.48226531250000004 0.46612955468750006 0.4801695046875
1 0.514956671875 0.3474232359375 0.49347871093749995 0.35333654375 0.4934832328125 0.3739032078125 0.493961475 0.375157228125 0.5006353921875 0.394788571875 0.5092301953125 0.39395024843750004 0.5164603671875 0.3817599 0.514956671875 0.3474232359375
1 0.5447128703125 0.44218855156250003 0.543020365625 0.46410276875 0.55110526875 0.4724340515625 0.561832378125 0.46422055156250003 0.5628713984375 0.4413710125 0.5447128703125 0.44218855156250003
1 0.6841483390625 0.392173140625 0.6717739484374999 0.391639659375 0.66318366875 0.4070863078125 0.6682826625 0.43025801562500005 0.6832065515625 0.4300848078125 0.6893355203125 0.41204004375 0.6841483390625 0.392173140625
1 0.7590798249999999 0.355068615625 0.764478428125 0.33621324375 0.7531351421875 0.29840203593750003 0.768540665625 0.286246328125 0.7716905109375001 0.269171528125 0.764225175 0.24443749218750002 0.7550594203125 0.251289584375 0.7385900046875 0.2559072953125 0.7316696171875 0.28276139218749996 0.73764369375 0.29683277656249996 0.732479125 0.3186673203125 0.72400981875 0.3184352203125 0.7172149265625001 0.34463805937499997 0.719020490625 0.35983182343750003 0.731206071875 0.36348996875 0.7369936 0.37613065625000003 0.7619617187500001 0.3669125484375 0.7590798249999999 0.355068615625
1 0.64931915 0.2394317921875 0.64931915 0.22044824375 0.645513559375 0.1972037921875 0.6342663749999999 0.1936565046875 0.621934946875 0.20810547656249997 0.6222888234374999 0.2303522515625 0.6339249328125 0.2576359078125 0.6339249328125 0.28460432343750003 0.6406158109375 0.298873159375 0.647511325 0.2868698765625 0.6482066421875 0.26075364375 0.641255728125 0.23986827656249998 0.64931915 0.2394317921875
1 0.5782984015625 0.18884133125 0.574235034375 0.1743681078125 0.5661229953125 0.1724177921875 0.5647120109375 0.19164383125 0.5699014546875001 0.2076863125 0.57613556875 0.2038826765625 0.5782984015625 0.18884133125
1 0.5828332281249999 0 0.5702372421875 0.047628679687499995 0.5469390171875 0.052582415625000004 0.522451403125 0.06507414375000001 0.4928806234375 0.06858333125 0.48619087812500006 0.052125148437500005 0.47015109062500005 0.0522671796875 0.461507671875 0.072948159375 0.4501010734375 0.0924547953125 0.4295965546875 0.1069591953125 0.4295965546875 0.1318491203125 0.45772921406249995 0.1325627359375 0.45868909062499996 0.148206840625 0.4663036671875 0.1445764125 0.472306009375 0.12813901562500002 0.484253034375 0.12556168750000002 0.485996415625 0.1330581078125 0.4924792625 0.1330581078125 0.4944725046875 0.12059755624999999 0.5180477265625 0.12175112031249999 0.549443290625 0.11731700781250001 0.579130521875 0.11210345937499999 0.6040330640625 0.0840438359375 0.584340315625 0.05828440781250001 0.6009465328125 0.06015505156249999 0.612933128125 0.0493469 0.6155730734375 0.016447859375000002 0.604246746875 0.011456015625 0.604346240625 0 0.5828332281249999 0
1 0.4686858359375 0 0.457070075 0.02284614375 0.459169596875 0.0434890203125 0.46917764687499997 0.0493988640625 0.497185940625 0.0461737359375 0.500272471875 0.032407200000000004 0.49754773124999996 0.006207828125 0.49716445781249996 0 0.4686858359375 0
1 0.6498754046874999 0.0121523125 0.634441615625 0.0031039484375 0.6199654453125001 0.012079564062500001 0.6217687484375001 0.029580456249999998 0.6304359093749999 0.0378320640625 0.63962766875 0.036120771875 0.65019875625 0.0280874046875 0.6498754046874999 0.0121523125
1 0.70609436875 0.15328528749999998 0.7086076875 0.13793909531249998 0.70430689375 0.11222470468750001 0.7243003828125001 0.1112235640625 0.7341851968750001 0.105168228125 0.741300046875 0.07685918750000001 0.7502182015625001 0.07518946875 0.7609871421875 0.06693439531249999 0.767285703125 0.05352813125 0.76210304375 0.03360233125 0.7642545703125 0.010340559374999999 0.7576971046875001 0 0.749564715625 0.0083763875 0.7397138187500001 0.048040915625 0.731347396875 0.04802013125 0.7137496453125001 0.025316084375 0.6937165859375 0.0408631953125 0.678157303125 0.0669759640625 0.670586821875 0.093511359375 0.6967884203125 0.099722584375 0.6926798296875 0.1187650203125 0.675602153125 0.121006328125 0.665116990625 0.1362347359375 0.6741188078125 0.166511415625 0.6802624749999999 0.17122612343750002 0.6912134437499999 0.168558728125 0.7006143625 0.1644952796875 0.70609436875 0.15328528749999998
1 0.7487258125 0.145487484375 0.7390105874999999 0.1591397 0.7463741703125 0.17822370781250002 0.757984275 0.17929413125 0.7675039078125 0.16107269531249999 0.7692868609375 0.14763525625 0.7487258125 0.145487484375
1 0.8636273140625 0.2966076046875 0.8603836296875 0.2859518765625 0.849895075 0.2859518765625 0.8390662109375 0.29054187656249997 0.8408717765624999 0.3094041796875 0.8464060515625 0.3225229203125 0.8550472093750001 0.3225229203125 0.862465059375 0.3151927765625 0.8636273140625 0.2966076046875
1 0.970198571875 0.28472556875 0.9562402140625 0.2733181203125 0.94687660625 0.25100205625 0.9377685124999999 0.225523228125 0.90734413125 0.2302414 0.89528630625 0.25002863125 0.8955700875 0.2668089796875 0.9055204765625 0.2849368796875 0.90115636875 0.3054204046875 0.8764019359375 0.32036128750000004 0.8682469359375 0.34938394375000004 0.869896478125 0.3822033125 0.8737981703125 0.396073771875 0.9020427578125 0.3943901953125 0.920248771875 0.386221728125 0.9430382265624999 0.3838903515625 0.962813509375 0.3580928203125 0.9714377078125 0.32536352343749997 0.970198571875 0.28472556875
1 0.8795868296875 0.26571084375 0.888608996875 0.2643806078125 0.890343334375 0.2470148203125 0.8865366124999999 0.2396569640625 0.8780820046875 0.2396569640625 0.876597528125 0.25340964375 0.8795868296875 0.26571084375
1 0.826766440625 0 0.8290672062500001 0.0097689765625 0.832399078125 0.0243461234375 0.82422711875 0.0357154640625 0.8126226640624999 0.04432734375 0.8029210078125001 0.0415490953125 0.794891503125 0.0666711203125 0.789302959375 0.0823567953125 0.783205646875 0.10874323125 0.7830744968750001 0.11041988437500001 0.8020730593750001 0.1519411953125 0.8243842718750001 0.1471953078125 0.830010125 0.1346135125 0.853225815625 0.12906394375000002 0.8442217359375 0.1546466953125 0.8430097359375001 0.1737895953125 0.8672768828124999 0.17874333125 0.8740796874999999 0.19596362812499998 0.8781645375 0.19817029218749999 0.8826790125 0.186246684375 0.890538928125 0.165880940625 0.913823584375 0.147947028125 0.8929968468749999 0.1084106765625 0.9276643609375 0.101925784375 0.9319414109374999 0.1095780921875 0.9418522296875 0.1178608796875 0.9575562296875001 0.110724728125 0.9747198312500001 0.1043472234375 0.9849393046875001 0.0884918078125 1 0.079540440625 1 0.02827793125 0.990831978125 0.019759587500000002 0.9871202265625 0.0011467046875 0.976901884375 0.00350925625 0.9719894390625001 0.013735428124999999 0.9536635828125 0 0.826766440625 0
1 0.911444909375 0.40022520000000006 0.9040885921875 0.404593471875 0.900184703125 0.4120545921875 0.90350688125 0.4251108796875 0.91527575625 0.4293739921875 0.91938821875 0.42417250781250004 0.9202365828125 0.41280690781249996 0.918525771875 0.40091279999999996 0.911444909375 0.40022520000000006
1 0.6254696390625 0.532171140625 0.6282079031250001 0.52175115625 0.6025860640625 0.5223431078125 0.5991932265625 0.504695359375 0.5923369765625 0.5038114874999999 0.5886106765625 0.5213619281249999 0.5724951359375 0.52254583125 0.5728568265625 0.5350308921875 0.5875053140625 0.541626159375 0.6074159640625 0.540428740625 0.6191885640625 0.535871515625 0.6254696390625 0.532171140625
1 0.89171025625 0.45996947656250003 0.8830079906250001 0.44542846875000003 0.866783015625 0.45868438749999996 0.8639722296875 0.4610713234375 0.86695849375 0.4760680203125 0.8744780562500001 0.47754357656249996 0.887717553125 0.4723260765625 0.89171025625 0.45996947656250003