1 0.9916434546874999 0.2202380953125 0.9665738156250001 0.196428571875 0.949860725 0.2202380953125 0.9916434546874999 0.2202380953125
1 0 0.5535714281249999 0.0151424875 0.5528061906249999 0.025069637500000002 0.5297619046875 0.0176175984375 0.512659578125 0.0182363765625 0.507806696875 0.007510925 0.5056008578125 0 0.5139830953125 0 0.5535714281249999
1 0.373259053125 0.327380953125 0.37604456875 0.3571428578125 0.4122562671875 0.3571428578125 0.4178272984375 0.33928571406249997 0.4122562671875 0.315476190625 0.3844011140625 0.315476190625 0.373259053125 0.327380953125
1 0.428969359375 0.28571428593750003 0.42618384374999996 0.2619047625 0.40389972187499995 0.2619047625 0.40389972187499995 0.297619046875 0.428969359375 0.28571428593750003
1 0.3985620921875 0.622400125 0.3899721453125 0.6313935421875 0.3841239828125 0.6457822078125 0.3899721453125 0.6730602078125 0.40668523749999996 0.6730602078125 0.4178272984375 0.649250684375 0.4122562671875 0.6313935421875 0.3985620921875 0.622400125
1 0.40668523749999996 0.559523809375 0.40389972187499995 0.5297619046875 0.3788300828125 0.5357142859375 0.3844011140625 0.565476190625 0.40668523749999996 0.559523809375
1 0.749303621875 0.547619046875 0.7417444765625001 0.5691230953125 0.7548746515625 0.5892857140625 0.76979564375 0.58721111875 0.7774272140625 0.573534828125 0.7715877437499999 0.5416666671875 0.7592764562500001 0.535594053125 0.749303621875 0.547619046875
1 0.7370293171875 0.7508367078125 0.7061552640625 0.7483447437499999 0.691009590625 0.7620506078125 0.6781938828125 0.7632965656249999 0.6653782671874999 0.7583126421874999 0.66130056875 0.7408688625 0.596639840625 0.733392928125 0.5925621421875 0.7383768515625 0.583824228125 0.7371308921875 0.5616881390625 0.7383768515625 0.5482899609375 0.7358848874999999 0.556445359375 0.70598125 0.557027875 0.692275440625 0.5447947765625 0.6748316078125 0.53780440625 0.68479950625 0.5313965984375 0.692275440625 0.5244062781250001 0.6935213921875001 0.5174159078125 0.6872914640625 0.513338209375 0.6810615359375001 0.509260509375 0.671093690625 0.49353222499999994 0.6735856546875 0.4847942640625 0.69850536875 0.46557084375 0.712211178125 0.455667853125 0.7309009640624999 0.4492600453125 0.7520827140625 0.44401726718749995 0.76952649375 0.43993956875 0.7770024281250001 0.43935700625 0.7807403921875 0.5279014156249999 0.785724315625 0.5931447046875 0.786970375 0.67877649375 0.7819863515625001 0.7440196875 0.77824838125 0.7515925703125 0.7645425718750001 0.7370293171875 0.7508367078125
1 0.57381615625 0.6666666671875 0.576601671875 0.702380953125 0.596100278125 0.7083333328125 0.62395543125 0.6547619046875 0.6211699171875 0.6130952375 0.601671309375 0.6130952375 0.57381615625 0.6666666671875
1 0.628255134375 0.522001440625 0.6189735015625 0.5087662921875 0.6113419296875 0.499501696875 0.601854028125 0.504354571875 0.5905292484375 0.5119047625 0.583084490625 0.5352365890625 0.5907160609375001 0.5630303750000001 0.6140232953125 0.5687656125 0.6261925453125 0.54758938125 0.628255134375 0.522001440625
1 0.6573816156250001 0.48214285781250005 0.653006175 0.5003840171875 0.6573816156250001 0.5238095234375 0.682088646875 0.5334718921875 0.6935933140625 0.50595238125 0.6852367687500001 0.4761904765625 0.669506871875 0.47170788750000003 0.6573816156250001 0.48214285781250005
1 0.0955833625 0.54265925625 0.11141854843750001 0.524250703125 0.10584751875000001 0.49448879687499997 0.0844453953125 0.4919245296875 0.06963581875 0.506393559375 0.07520685 0.5421078453125 0.0955833625 0.54265925625
1 0.8495821734375 0.2142857140625 0.8384401109375 0.190476190625 0.8105849578125 0.20238095312499998 0.8161559890625 0.25 0.8495821734375 0.2142857140625
1 0.42339832812499995 0.4583333328125 0.4122562671875 0.428571428125 0.37604456875 0.434523809375 0.3816155984375 0.4702380953125 0.42339832812499995 0.4583333328125
1 0.8077994421874999 0.3869047625 0.8014648390625 0.41288451718749997 0.8105849578125 0.440476190625 0.8321606546875 0.44066205312499995 0.8467966578125001 0.4166666671875 0.8479020890625 0.4002583875 0.8325541812499999 0.3825817796875 0.8077994421874999 0.3869047625
1 0.5069637890625 0.42261904687499996 0.5013927578125 0.3869047625 0.46518105781249997 0.3869047625 0.46518105781249997 0.434523809375 0.5069637890625 0.42261904687499996
1 0.596100278125 0.25 0.5905292484375 0.2738095234375 0.6072423390624999 0.2916666671875 0.6657381609375 0.2678571421875 0.6545961 0.2380952375 0.626740946875 0.2380952375 0.596100278125 0.25
1 0.6852367687500001 0.2797619046875 0.682451253125 0.25 0.6434540390625 0.2321428578125 0.6434540390625 0.28571428593750003 0.6852367687500001 0.2797619046875
1 0.573417353125 0.2400890421875 0.5938314203124999 0.2136342625 0.582689359375 0.1838723578125 0.5672295765625 0.178766203125 0.5464776609374999 0.19577711874999998 0.5520486906250001 0.2433961671875 0.573417353125 0.2400890421875
1 0.4858130703125 0.2107632078125 0.48024203906249996 0.2286203515625 0.494169615625 0.25242987499999997 0.5164537375 0.25838225625 0.5235027515625 0.20656000625 0.5185525453125 0.2008247734375 0.5142211171875 0.1990601078125 0.4858130703125 0.2107632078125
1 0.1587743734375 0.42261904687499996 0.13209113125 0.42751349375 0.1292035125 0.480454078125 0.1504178265625 0.48214285781250005 0.16713091875 0.446428571875 0.1587743734375 0.42261904687499996
1 0.2732461390625 0.41790473281249996 0.26245721718750004 0.391974803125 0.2555078890625 0.38481686875 0.2425136078125 0.38481686875 0.21510345625 0.40983194687499996 0.22346000312499997 0.45745099375000003 0.255301634375 0.45275726718750003 0.2666458546875 0.449669071875 0.2708137625 0.43364147031250005 0.2732461390625 0.41790473281249996
1 0.5515320328125 0.32142857187499996 0.5821727015625 0.32142857187499996 0.5905292484375 0.297619046875 0.5793871859374999 0.2619047625 0.5348189421875 0.2678571421875 0.5292479109375 0.297619046875 0.5515320328125 0.32142857187499996
1 0.3565459609375 0.36904761875 0.3537604453125 0.30357142812500004 0.311977715625 0.30357142812500004 0.311977715625 0.3869047625 0.3565459609375 0.36904761875
1 0.9052924796875 0.1666666671875 0.9247910859375 0.1547619046875 0.9220055703125001 0.1369047625 0.9080779937499999 0.1369047625 0.9052924796875 0.1666666671875
1 1 0.08333333281250001 0.941504178125 0.10119047656249999 0.9247910859375 0.11309523749999999 0.941504178125 0.1547619046875 1 0.1369047625 1 0.08333333281250001
1 0.8635097500000001 0.059523809375 0.8077994421874999 0.071428571875 0.8077994421874999 0.10119047656249999 0.8718662953124999 0.1428571421875 0.8969359328125 0.11904761875 0.8635097500000001 0.059523809375
1 0.311977715625 0.5 0.31476323125 0.5178571421875 0.3274872953125 0.5205727859375 0.337047353125 0.50595238125 0.33161247031249996 0.4941024828125 0.32033426249999997 0.48809523749999995 0.311977715625 0.5
1 0.4178272984375 0.2321428578125 0.4150417828125 0.2142857140625 0.398328690625 0.2142857140625 0.367688021875 0.2380952375 0.39554317499999997 0.25595238125 0.4178272984375 0.2321428578125
1 0.315860890625 0.8131360421875 0.3269289609375 0.79195424375 0.3269289609375 0.785724315625 0.31993859062499996 0.7757565234375 0.3141133015625 0.7707725 0.3100355984375 0.7682805359375 0.3053753375 0.7583126421874999 0.302462715625 0.7520827140625 0.2954723453125 0.7495907500000001 0.285569353125 0.7508367078125 0.26692844843749997 0.7533287203125 0.259355565625 0.7470987921875001 0.2634332640625 0.742114815625 0.27391876875 0.733392928125 0.2820741703125 0.7284090062499999 0.2966374234375 0.7184411078124999 0.3123657078125 0.712211178125 0.3304241453125 0.7034892921875 0.3461524296875 0.699751321875 0.35722045156250004 0.68479950625 0.3519776734375 0.6773235718749999 0.34265724531249997 0.671093690625 0.3286765546875 0.6661097203125 0.304792821875 0.669847684375 0.27916154843749996 0.6773235718749999 0.259355565625 0.6872914640625 0.2401320953125 0.6935213921875001 0.22440381406249998 0.6910294343750001 0.2098406078125 0.6935213921875001 0.198190021875 0.7159491484375 0.17488885468749998 0.7246710359375 0.16906356250000001 0.7483447437499999 0.167898509375 0.772018559375 0.1614906765625 0.8019221906249999 0.1527527625 0.8255958515625 0.1352768890625 0.8243499468750001 0.1067329671875 0.8318258281249999 0.081101690625 0.8579915 0.057642409375 0.8797031125 0.18828703125 0.8804193031249999 0.1935297828125 0.8679593453125 0.1964424296875 0.864221375 0.2057628828125 0.8542535296875 0.21391830625 0.8380557078124999 0.22906405 0.8393017671875 0.24304474062499998 0.8430397328125 0.24828751875 0.8417936718749999 0.2529477328125 0.8380557078124999 0.272753740625 0.829333815625 0.29081213125 0.8255958515625 0.304792821875 0.82185788125 0.315860890625 0.8131360421875
1 0.144846796875 0.7083333328125 0.14206128125 0.6785714281249999 0.114206128125 0.672619046875 0.10306406718750001 0.684523809375 0.10863509687499999 0.7202380953125 0.144846796875 0.7083333328125
1 0.0473537609375 0.38095238125 0.058495821875 0.3988095234375 0.09192200625 0.3988095234375 0.10584958281250001 0.38095238125 0.10306406718750001 0.3511904765625 0.052924790624999996 0.3511904765625 0.0473537609375 0.38095238125
1 0.6601671312499999 0.6666666671875 0.6406685234375 0.6666666671875 0.632311978125 0.684523809375 0.6490250703125 0.7083333328125 0.7242339828125 0.7083333328125 0.7186629531250001 0.6785714281249999 0.6657381609375 0.684523809375 0.6601671312499999 0.6666666671875
1 0.2952646234375 0.28571428593750003 0.2646239546875 0.2797619046875 0.2546828578125 0.2912884875 0.2544766046875 0.3226116671875 0.250696378125 0.3333333328125 0.2841225625 0.3511904765625 0.3008356546875 0.3333333328125 0.2952646234375 0.28571428593750003
1 0.8161559890625 0.672619046875 0.7827298046875 0.6666666671875 0.7715877437499999 0.684523809375 0.768802228125 0.75595238125 0.8495821734375 0.74404761875 0.8440111421875001 0.7142857140625 0.8217270187500001 0.6964285718750001 0.8161559890625 0.672619046875
1 0.7827298046875 0.2916666671875 0.8161559890625 0.2738095234375 0.8077994421874999 0.20238095312499998 0.768802228125 0.196428571875 0.7632311984375 0.1488095234375 0.7353760453125 0.1369047625 0.71030640625 0.16071428593749998 0.7186629531250001 0.196428571875 0.7576601671875001 0.20238095312499998 0.7827298046875 0.2916666671875
1 0.0158584484375 0.8741892203124999 0.026343954687499997 0.8754352796875 0.0368294875 0.8754352796875 0.0438198328125 0.8654674343750001 0.042695046874999996 0.83599425 0.025761429687499997 0.829333815625 0.017023490625000002 0.8380557078124999 0.011780737500000001 0.8542535296875 0.0106156859375 0.8654674343750001 0.0158584484375 0.8741892203124999
1 0 0.806906065625 0.0158584484375 0.8044141015624999 0.034499367187500005 0.7944463093749999 0.037994540625 0.7819863515625001 0.025761429687499997 0.7682805359375 0.015275910937500001 0.7632965656249999 0.0071205125 0.7620506078125 0.0018777468750000002 0.7595586484375 0 0.7595586484375 0 0.806906065625
1 0.36362830625 0.772018559375 0.37469632656249996 0.7632965656249999 0.3886770171875 0.7446067796875 0.39333728125 0.7321469703125 0.377608996875 0.7196871125000001 0.365375896875 0.722179078125 0.351395159375 0.7383768515625 0.3391620609375 0.7483447437499999 0.3391620609375 0.7682805359375 0.3461524296875 0.7732644578125 0.36362830625 0.772018559375
1 0.32110362187499997 0.7583126421874999 0.3298417578125 0.745214309375 0.31935602812499997 0.7259170421875 0.3141133015625 0.7396228578125 0.317025921875 0.755820678125 0.32110362187499997 0.7583126421874999
1 0.39974503906250003 0.7682805359375 0.3962498546875 0.7645425718750001 0.3880945046875 0.7620506078125 0.378774025 0.76952649375 0.379356590625 0.7907083453125 0.3886770171875 0.7956922140625 0.40032760156249997 0.7956922140625 0.4026577109375 0.779494440625 0.39974503906250003 0.7682805359375
1 0.2118362625 0.5098588984375 0.2238212984375 0.502885671875 0.2238212984375 0.481703921875 0.21741346562500002 0.469244065625 0.2040153140625 0.4792119640625 0.20052012812500003 0.4954097375 0.20518036718750002 0.5091156015625 0.2118362625 0.5098588984375
1 0.8708474203125001 0.6046275125 0.8617720421874999 0.6063922078124999 0.8419712031250001 0.6160979828125 0.8285644156249999 0.63065663125 0.8302144765625 0.645215303125 0.8341333984375 0.6544798984375 0.837021 0.6580092734375 0.8471276968750001 0.6641856671874999 0.8557905515625001 0.6641856671874999 0.8646596609375001 0.66374450625 0.8727037546874999 0.659773953125 0.8821916406250001 0.651832875 0.8879668781250001 0.6390388875 0.8894107046874999 0.6262449343750001 0.889204434375 0.6147744640624999 0.8817791343750001 0.6059510296874999 0.8708474203125001 0.6046275125
1 0.9092115265625 0.618745 0.9189056828125001 0.6222743921875 0.9302499031250001 0.6178626609375 0.93045615625 0.6028628281249999 0.9269497609374999 0.5834512859375 0.9250934421875 0.5812454406249999 0.9046738265625001 0.57948074375 0.8964234953125001 0.5988922921875 0.8953921953125 0.6063922078124999 0.8988985906250001 0.609921565625 0.9092115265625 0.618745
1 0.9186994296875 0.6580092734375 0.9153992875 0.6544798984375 0.89910484375 0.6588916125 0.8865230703125 0.661979809375 0.8834291984375 0.663303328125 0.8799228015624999 0.6756561421875 0.8799228015624999 0.6822736968750001 0.8838417218749999 0.6937441671875 0.8877606234375 0.70036174375 0.8945671640624999 0.7038911015625 0.8984860828125001 0.7038911015625 0.9108615875 0.7025676015625 0.9170493484375 0.699479421875 0.9199369671875001 0.6955088875000001 0.9250934421875 0.684479553125 0.92674350625 0.6694797265625 0.9186994296875 0.6580092734375