1 0.5765670046875 0.646266909375 0.575161225 0.6360640531249999 0.5726620703124999 0.63069410625 0.5661017640625 0.625861171875 0.5611034265625 0.6247872015625 0.558760459375 0.6328420953125 0.5562613046875 0.6382120171875 0.5543869328125 0.6478778890625 0.5514191703125 0.6500258515625 0.549076203125 0.6548587875 0.5481390171875 0.6645246593749999 0.5484514078125 0.6688206109375 0.5512970593750001 0.67403810625 0.5632902046875 0.6741905312500001 0.5731306640625 0.6688206109375 0.5770355984375 0.6672096328125 0.5765670046875 0.646266909375
1 0.5661017640625 0.5662549593749999 0.5636025953125 0.5603480546874999 0.560166240625 0.5533671296875 0.5570422890625 0.5496081890625 0.5504819828125 0.5496081890625 0.5479828140625 0.5560521031250001 0.54532745625 0.5624960171875 0.5443902703125 0.5678659390624999 0.545203653125 0.5750253421875 0.552668746875 0.5705509125 0.5578232734374999 0.5710878968750001 0.5637587984375 0.5705509125 0.5661017640625 0.5662549593749999
1 0.655938928125 0.6476251171875 0.6510967921875 0.6476251171875 0.645786078125 0.6503100890625 0.6429745171875 0.6589019671874999 0.642818315625 0.66534588125 0.645041778125 0.66679326875 0.6545331484375 0.6637349046875001 0.66140584375 0.6615869390625 0.6606248609375001 0.6546060406249999 0.655938928125 0.6476251171875
1 0.6005504734375 0.46542922343750004 0.5943025578125 0.46542922343750004 0.589929015625 0.46865118125 0.5890293078125 0.47923250624999997 0.5939901671875 0.47992803281249996 0.6005504734375 0.477243059375 0.6036744234375 0.4734841171875 0.6005504734375 0.46542922343750004
1 0.60882895 0.47992803281249996 0.609609934375 0.485297953125 0.61132811875 0.48690893125 0.61242149375 0.483686975 0.611762403125 0.47601257812500003 0.61242149375 0.47563207968750004 0.609609934375 0.476169065625 0.60882895 0.47992803281249996
1 0.727027146875 0.52527295625 0.7246841796875 0.5209770296875 0.7192172640625001 0.5204400203125 0.712813159375 0.5220509984375 0.710313990625 0.5290319234374999 0.7089082109375 0.5338648578125 0.7118348890624999 0.536386215625 0.7171866875 0.53440184375 0.72359080625 0.534938828125 0.727964334375 0.532790865625 0.727027146875 0.52527295625
1 0.884991165625 0.377353246875 0.8824920109375001 0.37090933125 0.8792118578125001 0.370372346875 0.8726515515625 0.37090933125 0.8699961796875 0.37252030937499997 0.8681218062499999 0.379501209375 0.8704978234375 0.385854615625 0.8746821125 0.38540813906250004 0.8807738265625 0.3859451234375 0.8835853859375 0.3843341453125 0.884991165625 0.377353246875
1 0.94590829375 0.5593938609375 0.9465330906249999 0.5524129375 0.9465330906249999 0.5432840750000001 0.9452835125 0.53522915625 0.9452835125 0.5314702140625001 0.9432529374999999 0.5282482578125001 0.9405720000000001 0.531556325 0.93981658125 0.543821034375 0.9409099703124999 0.554023915625 0.9437215312499999 0.559930821875 0.94590829375 0.5593938609375
1 0.9773040453125 0.5572458734375 0.9762106703125 0.5497279890625 0.9732429234375 0.5448950531250001 0.9694941625 0.545969021875 0.9682445843749999 0.5497279890625 0.9666826015625001 0.5550978859375 0.9663702109375001 0.56046783125 0.9679321796875 0.5636897875 0.9710561437499999 0.5653007671875 0.9738677046875001 0.56476375625 0.9763668593749999 0.56476375625 0.9773040453125 0.5572458734375
1 0.44401741250000004 0.40422473437499995 0.438483596875 0.40422473437499995 0.43346455937500006 0.4051096125 0.4311480796875 0.4108612625 0.4338506390625 0.4205948484375 0.44247309375 0.4192675421875 0.44852167343750005 0.4130734453125 0.44826429218749997 0.4059944890625 0.44401741250000004 0.40422473437499995
1 0.416734428125 0.43784981875 0.416734428125 0.44360146875 0.41789266718749996 0.450237996875 0.4200804609375 0.4528926078125 0.421753465625 0.44935311875000006 0.42432733906250003 0.4458136515625 0.4240699453125 0.4351952078125 0.42329778593749995 0.43077084374999997 0.4199517640625 0.427231375 0.41866482656250004 0.4298859859375 0.41776398124999997 0.432540596875 0.416734428125 0.43784981875
1 0.29179363125 0.5830731 0.289734546875 0.5795336125 0.28690329062500003 0.5795336125 0.284072034375 0.5826306515625 0.2825277140625 0.5874974453124999 0.2825277140625 0.5932490953125 0.2830424921875 0.6016553765625 0.2844581140625 0.6029826828125 0.2892197703125 0.6016553765625 0.2933379515625 0.5967885828124999 0.29346664843750003 0.588382321875 0.29179363125 0.5830731
1 0.25357172499999997 0.59015205625 0.250869165625 0.5839579578125 0.24675098437499998 0.583515528125 0.24289018593749997 0.583515528125 0.2399302375 0.5870550171875 0.2394154671875 0.5954612781249999 0.24007971874999998 0.597795421875 0.24391972812499998 0.599000765625 0.2504830859375 0.5981158890625 0.2531856453125 0.5963461546875 0.25357172499999997 0.59015205625
1 0.26515412031249996 0.63262583125 0.266312359375 0.628201484375 0.26579759531249997 0.6220073875 0.2659542625 0.6210086328125 0.2630950359375 0.62068008125 0.262194178125 0.6277590375 0.263481115625 0.63262583125 0.26515412031249996 0.63262583125
1 0.22009000312500002 0.687235215625 0.218545684375 0.682368421875 0.2119823265625 0.6797138109375 0.209022384375 0.6859079109375 0.20876499062499998 0.694314171875 0.2122742390625 0.7012600140624999 0.21519966250000003 0.698738515625 0.2168726671875 0.6951990484375 0.22009000312500002 0.687235215625
1 0.1664249015625 0.5938813875 0.163979725 0.5952086921874999 0.1616632453125 0.60538470625 0.16204932656249998 0.6124636625 0.16462319375 0.6160031499999999 0.1698996203125 0.6129061109375 0.171057859375 0.607154440625 0.17015700312499998 0.5983057515625 0.1664249015625 0.5938813875
1 0.10951369531249999 0.6410178734375 0.1105432484375 0.632169184375 0.108741534375 0.6250902078125 0.10513813125 0.6206658640625 0.1010199375 0.6206658640625 0.0965156765625 0.622435596875 0.0934270375 0.628629696875 0.0922687984375 0.63393891875 0.09265487812499999 0.639248140625 0.0940705 0.6441149328125 0.097673915625 0.6441149328125 0.10217817656249999 0.6441149328125 0.10668245000000001 0.6458846671875 0.10951369531249999 0.6410178734375
1 0.09394181406249999 0.7016314968749999 0.0993469328125 0.70118906875 0.10307903437499999 0.6980920078125 0.0997330125 0.6936676640624999 0.09394181406249999 0.6927827859375 0.08789322187500001 0.6927827859375 0.0826168015625 0.6927827859375 0.077726459375 0.69145548125 0.074019215625 0.6979438421874999 0.0787560015625 0.70074661875 0.0855767421875 0.7020739234375 0.09394181406249999 0.7016314968749999
1 0.0970979625 0.41864340625 0.0951675640625 0.42439505781250003 0.095424946875 0.43324378750000003 0.096969265625 0.44007703593749997 0.1000579046875 0.4381105609375 0.101602225 0.4292618703125 0.10057268125 0.41908583593750004 0.0970979625 0.41864340625