1 0.22647058750000001 0.0851063828125 0.22352941249999997 0.0638297875 0.21176470625000002 0.0638297875 0.2088235296875 0.074468084375 0.2088235296875 0.09574468124999999 0.22352941249999997 0.09574468124999999 0.22647058750000001 0.0851063828125
1 0.3411764703125 0.297872340625 0.344117646875 0.28723404218750004 0.344117646875 0.25531914843750003 0.3264705875 0.25531914843750003 0.3235294125 0.265957446875 0.3235294125 0.28723404218750004 0.3264705875 0.297872340625 0.3411764703125 0.297872340625
1 0 0.8191489359374999 0.01176470625 0.8191489359374999 0.017647059375 0.8085106390625001 0.020588235937499998 0.797872340625 0.020588235937499998 0.765957446875 0.017647059375 0.7553191484374999 0 0.7553191484374999 0 0.8191489359374999
1 0.344117646875 0.1914893609375 0.35 0.1808510640625 0.35 0.1489361703125 0.32058823593749997 0.1489361703125 0.3147058828125 0.15957446875 0.3147058828125 0.1808510640625 0.317647059375 0.1914893609375 0.344117646875 0.1914893609375
1 0.2147058828125 0.797872340625 0.2205882359375 0.7765957453125 0.2205882359375 0.7553191484374999 0.2147058828125 0.734042553125 0.2 0.734042553125 0.194117646875 0.7553191484374999 0.194117646875 0.7872340421875 0.1970588234375 0.797872340625 0.2147058828125 0.797872340625
1 0.3147058828125 0.9574468078124999 0.3235294125 0.9361702125000001 0.3235294125 0.90425531875 0.32058823593749997 0.893617021875 0.3 0.893617021875 0.2970588234375 0.90425531875 0.2970588234375 0.9468085109375 0.30294117656249997 0.9574468078124999 0.3147058828125 0.9574468078124999
1 0.26176470625000003 0.8191489359374999 0.267647059375 0.797872340625 0.267647059375 0.765957446875 0.2647058828125 0.7553191484374999 0.244117646875 0.7553191484374999 0.23823529375 0.7765957453125 0.23823529375 0.797872340625 0.244117646875 0.8191489359374999 0.26176470625000003 0.8191489359374999
1 0.3852941171875 0.7553191484374999 0.39117647031249997 0.7446808515625001 0.3970588234375 0.7127659578125 0.3970588234375 0.6914893609375 0.394117646875 0.6808510640625001 0.3764705875 0.6808510640625001 0.3705882359375 0.6914893609375 0.3705882359375 0.7446808515625001 0.3735294125 0.7553191484374999 0.3852941171875 0.7553191484374999
1 0.1470588234375 0.3085106390625 0.1529411765625 0.297872340625 0.1529411765625 0.2765957453125 0.15 0.265957446875 0.1088235296875 0.265957446875 0.10588235312500001 0.2765957453125 0.10588235312500001 0.297872340625 0.11176470624999998 0.3085106390625 0.1470588234375 0.3085106390625
1 0.355882353125 0.8297872343750001 0.355882353125 0.8191489359374999 0.3705882359375 0.8191489359374999 0.3764705875 0.8085106390625001 0.3764705875 0.7872340421875 0.367647059375 0.7553191484374999 0.3529411765625 0.7553191484374999 0.3470588234375 0.765957446875 0.3411764703125 0.7872340421875 0.3411764703125 0.8085106390625001 0.35 0.8297872343750001 0.355882353125 0.8297872343750001
1 0 0.2127659578125 0.005882353125 0.23404255312500002 0.044117646875 0.23404255312500002 0.05588235312499999 0.2127659578125 0.05588235312499999 0.1914893609375 0.0470588234375 0.170212765625 0.005882353125 0.170212765625 0 0.1808510640625 0 0.2127659578125
1 0.2794117640625 0.9893617015625 0.282352940625 0.9787234046875 0.282352940625 0.96808510625 0.27647058750000003 0.9574468078124999 0.2588235296875 0.9574468078124999 0.2588235296875 0.9468085109375 0.2 0.9468085109375 0.2 0.9574468078124999 0.1852941171875 0.9574468078124999 0.18235294062500002 0.9787234046875 0.194117646875 0.9787234046875 0.194117646875 0.9893617015625 0.2794117640625 0.9893617015625
1 0.1264705875 0.893617021875 0.1264705875 0.8829787234375001 0.1411764703125 0.8829787234375001 0.1411764703125 0.861702128125 0.12058823593750001 0.861702128125 0.12058823593750001 0.8510638296874999 0.0470588234375 0.8510638296874999 0.038235293749999996 0.861702128125 0.038235293749999996 0.8829787234375001 0.044117646875 0.893617021875 0.1264705875 0.893617021875
1 0.4647058828125 0.7127659578125 0.4647058828125 0.6914893609375 0.4588235296875 0.6808510640625001 0.4470588234375 0.6808510640625001 0.43823529375000003 0.6914893609375 0.4352941171875 0.702127659375 0.43823529375000003 0.7234042546875 0.46176470625 0.7234042546875 0.4647058828125 0.7127659578125
1 0.46176470625 0.90425531875 0.46764705937500006 0.8829787234375001 0.46764705937500006 0.872340425 0.46176470625 0.8510638296874999 0.455882353125 0.84042553125 0.444117646875 0.84042553125 0.43823529375000003 0.861702128125 0.43823529375000003 0.893617021875 0.44117647031249996 0.90425531875 0.46176470625 0.90425531875
1 0.5294117640625 1 0.5294117640625 0.9893617015625 0.544117646875 0.9893617015625 0.55 0.9787234046875 0.5529411765625001 0.96808510625 0.5529411765625001 0.9361702125000001 0.5470588234375 0.9255319156249999 0.5294117640625 0.9255319156249999 0.5294117640625 0.9361702125000001 0.5117647062499999 0.9361702125000001 0.48823529375 0.9574468078124999 0.4764705875 0.9787234046875 0.4735294125 1 0.5294117640625 1
1 0.8058823531250001 0.861702128125 0.81176470625 0.84042553125 0.81176470625 0.8085106390625001 0.8029411765625 0.7872340421875 0.7823529406249999 0.7872340421875 0.7294117640625 0.8510638296874999 0.7264705874999999 0.872340425 0.78823529375 0.872340425 0.78823529375 0.861702128125 0.8058823531250001 0.861702128125
1 0.655882353125 0.861702128125 0.6970588234374999 0.8297872343750001 0.7 0.8191489359374999 0.7 0.797872340625 0.6352941171875 0.7765957453125 0.594117646875 0.7872340421875 0.594117646875 0.797872340625 0.5794117640625001 0.797872340625 0.5735294125 0.8085106390625001 0.567647059375 0.8297872343750001 0.567647059375 0.872340425 0.5735294125 0.8829787234375001 0.655882353125 0.861702128125
1 0.755882353125 0.1808510640625 0.7588235296875 0.170212765625 0.7588235296875 0.138297871875 0.755882353125 0.127659575 0.7411764703125 0.127659575 0.7382352937500001 0.138297871875 0.7382352937500001 0.15957446875 0.744117646875 0.1808510640625 0.755882353125 0.1808510640625
1 0.8441176468749999 0.297872340625 0.85 0.2765957453125 0.85 0.25531914843750003 0.8470588234375 0.2446808515625 0.8264705875 0.2446808515625 0.8235294124999999 0.25531914843750003 0.8235294124999999 0.28723404218750004 0.8294117640625001 0.297872340625 0.8441176468749999 0.297872340625
1 0.6588235296875 0.15957446875 0.667647059375 0.1489361703125 0.667647059375 0.11702127656250001 0.6588235296875 0.09574468124999999 0.6411764703125 0.09574468124999999 0.6352941171875 0.106382978125 0.6294117640625 0.127659575 0.6294117640625 0.1489361703125 0.63823529375 0.15957446875 0.6588235296875 0.15957446875
1 0.56176470625 0 0.56176470625 0.0106382984375 0.5647058828125 0.0212765953125 0.6588235296875 0.0212765953125 0.6647058828125 0.0106382984375 0.6647058828125 0 0.56176470625 0
1 0.5088235296875 0.3191489359375 0.5088235296875 0.3085106390625 0.5029411765625 0.297872340625 0.48823529375 0.297872340625 0.4852941171875 0.3085106390625 0.48823529375 0.329787234375 0.505882353125 0.329787234375 0.5088235296875 0.3191489359375
1 0.9147058828124999 0.34042553125 0.917647059375 0.329787234375 0.917647059375 0.3085106390625 0.9147058828124999 0.297872340625 0.8911764703125 0.297872340625 0.88823529375 0.3085106390625 0.88823529375 0.329787234375 0.894117646875 0.34042553125 0.9147058828124999 0.34042553125
1 1 0.65957446875 0.9852941171875 0.65957446875 0.9764705875 0.670212765625 0.9735294124999999 0.6808510640625001 0.9735294124999999 0.702127659375 0.9764705875 0.7127659578125 0.9970588234375001 0.7127659578125 1 0.702127659375 1 0.65957446875
1 0.45294117656250005 0.297872340625 0.4588235296875 0.28723404218750004 0.4588235296875 0.25531914843750003 0.45294117656250005 0.23404255312500002 0.43235294062499996 0.23404255312500002 0.4264705875 0.2446808515625 0.4205882359375 0.265957446875 0.4205882359375 0.28723404218750004 0.4264705875 0.297872340625 0.45294117656250005 0.297872340625
1 0.8911764703125 0.7234042546875 0.9 0.702127659375 0.9 0.6808510640625001 0.88823529375 0.6489361703125 0.8647058828124999 0.670212765625 0.8588235296875 0.6914893609375 0.8588235296875 0.702127659375 0.8647058828124999 0.7234042546875 0.8911764703125 0.7234042546875
1 0.49705882343749996 0.1914893609375 0.5088235296875 0.170212765625 0.5088235296875 0.138297871875 0.5 0.127659575 0.4794117640625 0.127659575 0.4794117640625 0.138297871875 0.46764705937500006 0.138297871875 0.46176470625 0.1489361703125 0.46176470625 0.1808510640625 0.46764705937500006 0.1914893609375 0.49705882343749996 0.1914893609375
1 0.7411764703125 1 0.75 0.96808510625 0.75 0.9574468078124999 0.744117646875 0.9468085109375 0.6735294125 0.9468085109375 0.6735294125 0.9361702125000001 0.6352941171875 0.9361702125000001 0.6294117640625 0.9468085109375 0.6205882359375 0.9787234046875 0.6205882359375 0.9893617015625 0.6264705875 1 0.7411764703125 1
1 0.4264705875 0.297872340625 0.4264705875 0.28723404218750004 0.4205882359375 0.265957446875 0.417647059375 0.265957446875 0.417647059375 0.2765957453125 0.405882353125 0.2765957453125 0.4 0.28723404218750004 0.3970588234375 0.297872340625 0.4 0.3191489359375 0.4205882359375 0.3191489359375 0.4264705875 0.297872340625
1 0.39117647031249997 1 0.39117647031249997 0.9893617015625 0.3794117640625 0.96808510625 0.3735294125 0.96808510625 0.367647059375 0.9893617015625 0.367647059375 1 0.38515625 1 0.39117647031249997 1
1 0.3494611671875 0.97060339375 0.35063074375 0.9665558515624999 0.3529411765625 0.96808510625 0.356866959375 0.9594248609375 0.3568782640625 0.9354353296875001 0.35 0.9255319156249999 0.35 0.9148936171875001 0.3470588234375 0.9148936171875001 0.33823529375 0.9255319156249999 0.33823529375 0.96808510625 0.34505284999999997 0.9685214468750001 0.3494611671875 0.97060339375
1 0.6058823531249999 0.11702127656250001 0.6058823531249999 0.09574468124999999 0.58823529375 0.09574468124999999 0.58823529375 0.11702127656250001 0.5970588234374999 0.127659575 0.6058823531249999 0.11702127656250001
1 0.7382352937500001 0 0.732352940625 0.0212765953125 0.732352940625 0.0425531921875 0.7382352937500001 0.0531914890625 0.75 0.0531914890625 0.755882353125 0.03191489375 0.755882353125 0.0106382984375 0.75 0 0.7382352937500001 0