1 0.001431446875 0.9148423843750001 0.01743684375 0.9574488953125 0.0464744671875 0.9571164624999999 0.058625550000000005 0.913805078125 0.0498119875 0.8760680593749999 0.0167859890625 0.876539003125 0.003115884375 0.8999938203125 0.001431446875 0.9148423843750001
1 0.060337017187499994 0.8297955781249999 0.07007604843750001 0.8467957046875 0.0813113953125 0.8266467234375 0.076263490625 0.8146607578125 0.071419921875 0.808190675 0.060337017187499994 0.8297955781249999
1 0.0790290796875 0.8101236984375 0.08910326874999999 0.814786959375 0.090233075 0.7922863359375001 0.0774970859375 0.79039640625 0.0790290796875 0.8101236984375
1 0.10240686406249999 0.6249198875 0.11549206406250001 0.64422548125 0.1333278546875 0.64495498125 0.151908559375 0.614879253125 0.13673997499999999 0.5893313546875001 0.1155353109375 0.590390209375 0.10240686406249999 0.6249198875
1 0.3157779203125 0.8205029140625 0.3267127078125 0.8109855515625 0.34177425625 0.8318024734374999 0.3507024234375 0.82786255625 0.3666872796875 0.816990846875 0.380428740625 0.8278410109375001 0.391557053125 0.8115303687500001 0.399019175 0.8291307203124999 0.41173678437500005 0.8307805593750001 0.420063828125 0.8259541609375001 0.42971420625 0.79891955625 0.43147216093749996 0.7738056640625001 0.42845790624999996 0.7572549328125 0.4169760546875 0.7434098171875 0.3994894765625 0.7415906828125001 0.394792946875 0.7271668953125 0.38571774375 0.7227252531249999 0.365437465625 0.7452874328125 0.34421225781250003 0.7403471500000001 0.318743525 0.7620043812499999 0.29704369218750004 0.7504770453125 0.27831486875 0.756202234375 0.26010175625 0.776480496875 0.26717141875 0.7952505078125001 0.2766509734375 0.827407003125 0.28843554843749997 0.827407003125 0.3023391828125 0.8255601671875 0.3157779203125 0.8205029140625
1 0.2696472609375 0.8663013734374999 0.2618067359375 0.84983990625 0.2537597109375 0.84983990625 0.24213298437500003 0.8484424703125001 0.23055383125 0.8455552468749999 0.23798135468749998 0.8707861078124999 0.24743388125000002 0.8835231234375 0.25636745156249996 0.8800049 0.26618973281249997 0.8791553546875001 0.2696472609375 0.8663013734374999
1 0.32272865624999997 0.860924003125 0.3197046703125 0.853841384375 0.310496484375 0.853841384375 0.30774495 0.840556478125 0.3017261671875 0.8515636234375 0.290614071875 0.8581629812499999 0.29320343437499996 0.8640944062499999 0.299576834375 0.879444690625 0.3090088171875 0.8792569296874999 0.3163325515625 0.8752092796875001 0.32272865624999997 0.860924003125
1 0.3719341171875 0.9067871000000001 0.3677587015625 0.8898916265624999 0.3581234609375 0.8770314921875 0.3520138625 0.8717649328125001 0.339661684375 0.8842557015624999 0.3288090640625 0.8975621531250001 0.334534853125 0.9184714171874999 0.3453680125 0.9261634890625 0.353740465625 0.9282504140625001 0.3628059375 0.923534828125 0.3719341171875 0.9067871000000001
1 0.4231407921875 1 0.43080184531250004 0.9853576671875001 0.43080184531250004 0.967258671875 0.425472840625 0.9660212906250001 0.41806585781249994 0.9637773875000001 0.40836574687500005 0.9637773875000001 0.40049386875000004 0.9787244484375 0.412225465625 1 0.4231407921875 1
1 0.4513113296875 0.9804143015625 0.46339105781249995 0.979961828125 0.46464195156250004 0.9592464812499999 0.450866975 0.9582368765625 0.4513113296875 0.9804143015625
1 0.44477791718750004 0.8818024843750001 0.45281845625 0.8736394703125001 0.4520994890625 0.86179509375 0.447597565625 0.8567655453125 0.4420642234375 0.8588955593750001 0.44105226249999996 0.872580615625 0.44477791718750004 0.8818024843750001
1 0.45557215468749995 0.5642451640624999 0.46519009687499996 0.5877646234375 0.489660925 0.5752923203125 0.4904955765625 0.553905959375 0.48011325937500005 0.5464570515625 0.46359431406249996 0.5448503062500001 0.45557215468749995 0.5642451640624999
1 0.30185746406249997 0.40010476875 0.3011856984375 0.41630276562499996 0.308079890625 0.414923040625 0.308079890625 0.4017181640625 0.30185746406249997 0.40010476875
1 0.3158265734375 0.44310194375 0.31026511874999996 0.45235151875 0.3148146140625 0.470062675 0.3186008125 0.46797882812499997 0.32350059999999997 0.46231827656249996 0.3221415890625 0.44310194375 0.3158265734375 0.44310194375
1 0.1825300703125 0.35361657812499997 0.18234195 0.331660771875 0.1615221765625 0.3220172125 0.1389206625 0.33044801874999996 0.12426238281249999 0.34180605937499997 0.1167991796875 0.3633093875 0.11901770625000001 0.384267903125 0.12739989062499998 0.38469575312500004 0.1460422203125 0.3784103546875 0.173983553125 0.3624475328125 0.1825300703125 0.35361657812499997
1 0.2361552875 0.37676358906249996 0.227147115625 0.3533764890625 0.212741825 0.342843365625 0.1974737765625 0.3598465703125 0.183502028125 0.383796959375 0.1862524828125 0.40490629531250005 0.198411134375 0.41804345937500004 0.2142046265625 0.4095911046875 0.23383945625 0.3986609109375 0.2361552875 0.37676358906249996
1 0.23718995 0.25772268593750003 0.233598359375 0.2719033140625 0.242980609375 0.2814083625 0.2573513015625 0.27596327187499997 0.2669205921875 0.25624214218749997 0.24784688125 0.25273623125 0.23718995 0.25772268593750003
1 0.30130235625 0.254616925 0.28646244374999996 0.2813591125 0.300208228125 0.2930465078125 0.31091164843749997 0.29199380937499997 0.32532558749999996 0.269025325 0.312193896875 0.25339801562500003 0.30130235625 0.254616925
1 0.5372911453125 0.303271825 0.5353007421875 0.28116211562500004 0.5482107953125 0.2661935109375 0.543299115625 0.2511356375 0.52679855 0.2530348015625 0.5171416875 0.24072255937499998 0.5019201265625 0.2417383203125 0.48515684062500003 0.24306496718749998 0.4783974671875 0.266581346875 0.4789293953125 0.28735209687499996 0.494399621875 0.288337075 0.5110158703125001 0.29043939218750003 0.5168995078124999 0.287859978125 0.5212187171875 0.2776592828125 0.530763140625 0.2822763734375 0.5321394484375 0.3052910296875 0.5171114140624999 0.3134325 0.5124516421875 0.32999861875000003 0.51314141875 0.350701653125 0.5279889 0.37371015625 0.54957413125 0.3792599 0.569632771875 0.3459460515625 0.56610280625 0.31178573906249996 0.5501330859375 0.2988363390625 0.5372911453125 0.303271825
1 0.570810303125 0.450428575 0.555358615625 0.4690647171875 0.56207715 0.48390217187499995 0.5853910328125 0.47888381718749995 0.58714993125 0.46509409375 0.5824478984375 0.45281685781250003 0.570810303125 0.450428575
1 0.5888286203125 0.6036360937499999 0.579045225 0.5950420296875001 0.572111546875 0.607013003125 0.572287059375 0.618750253125 0.5804049734375 0.6292597796875 0.5888286203125 0.6235348843749999 0.5888286203125 0.6036360937499999
1 0.533953665625 0.8110165703125001 0.5392558359375 0.831656828125 0.5607626953125 0.8636958437500001 0.584357775 0.8432033390625 0.5872424046875 0.829376003125 0.6087171828125 0.8273154703125 0.6175635671874999 0.7889766500000001 0.602646909375 0.74882176875 0.5879359609375 0.7480641796875 0.5695977578125 0.7777364 0.5570731640625 0.7878214625 0.5431444703125 0.8194467578125 0.5394002078125 0.8050955562500001 0.5478247984375 0.79672984375 0.5538271296875 0.7714231609375 0.5391822328125 0.7405769484375 0.530235825 0.7152756375 0.509722590625 0.7220616984375 0.5046317921875 0.7402545703125 0.5177159484375 0.756319746875 0.5068681578125 0.7713506265625 0.5158843937500001 0.797420271875 0.533953665625 0.8110165703125001
1 0.652577409375 0.7322354546875001 0.66469644375 0.722041365625 0.6682793828125 0.6997784484375 0.660667953125 0.685386790625 0.6495464921874999 0.68332425 0.6389226625 0.6890242421874999 0.6377399234375 0.7137318953125 0.6417695718750001 0.7275832046875 0.652577409375 0.7322354546875001
1 0.68031509375 0.625411671875 0.6851756703125 0.6151319140625 0.68093308125 0.584592478125 0.6738736734375 0.581890746875 0.663151475 0.5809385515625001 0.6521596296875 0.5851394140624999 0.6429719859375 0.59777165 0.6435691421875 0.61888798125 0.6392432296874999 0.6425775406249999 0.641410815625 0.655021978125 0.6496888390625 0.65850786875 0.6534685140625001 0.6472199062499999 0.6637196999999999 0.6495031984375 0.6730115 0.634887496875 0.68031509375 0.625411671875
1 0.622681396875 0.4661545484375 0.633707959375 0.4787373625 0.6592907890624999 0.477828 0.6688418203125 0.44596076093750003 0.6546014921875 0.4232892875 0.629886621875 0.423740675 0.622681396875 0.4465142875 0.622681396875 0.4661545484375
1 0.8734303921875 0.6155701234375 0.8818692765625 0.5910337984375 0.8765943937499999 0.57309694375 0.8653062874999999 0.5503694625 0.8314859390624999 0.5484222390625 0.8269656031249999 0.548119115625 0.8209442765625001 0.5542441375 0.8137297921875 0.5403236375 0.7865545468749999 0.5360832390625 0.7793516359375 0.5564878921874999 0.7720642453125001 0.5557202046875 0.7533984765625 0.588388078125 0.7638880609375 0.6110859109375 0.7754747484375 0.6020713546875001 0.7856067343750001 0.622400228125 0.818383215625 0.6163378093749999 0.8363685015625 0.6273588921875 0.8734303921875 0.6155701234375
1 0.821690721875 0.42626119375 0.8224279078125001 0.42897280625 0.8640795703125 0.4302709546875 0.87911495 0.3974844703125 0.8635287046875 0.370882309375 0.8358731859375 0.37206184375 0.8254541953125001 0.3938041859375 0.821690721875 0.42626119375
1 0.923981534375 0.34694234375 0.92965915 0.3571660859375 0.934157496875 0.33145351875 0.9449109421875 0.33123276874999996 0.95890245625 0.3175396078125 0.9579488578124999 0.29839026875 0.94239154375 0.295115246875 0.929241371875 0.323348328125 0.9180643625 0.3235657828125 0.90041584375 0.3235657828125 0.8861245953125 0.3353479625 0.8864034999999999 0.3374862828125 0.89776683125 0.3524018140625 0.913593790625 0.34722569375 0.9233010546875 0.3361189484375 0.923981534375 0.34694234375
1 0.8148963312499999 0.2027984359375 0.8224279078125001 0.2248537796875 0.8472804953124999 0.22552262343749999 0.856132528125 0.2102743203125 0.856132528125 0.17949765625 0.8382282515625 0.176505984375 0.82095585 0.1873788015625 0.8148963312499999 0.2027984359375
1 0.8823194593749999 0.1109165375 0.8695338296875 0.1286985375 0.8870214859375001 0.13986458906250002 0.9045600640625 0.13953181718750002 0.9143645390625 0.11739080625000001 0.9025544984374999 0.09817886875000001 0.8879577265625 0.097938346875 0.8823194593749999 0.1109165375
1 1 0.3379903875 0.9832782421875 0.34345315625 0.9775821109375 0.3612483328125 0.9754434578125 0.3779496421875 0.9753740203125 0.38996575 0.9851553515625 0.38996575 1 0.3873661609375 1 0.3379903875
1 0.9465484921874999 0.6491770156250001 0.95431615625 0.6622771125 0.9726046500000001 0.661110753125 0.9800401750000001 0.6406830375 0.9823466328125001 0.6396089328125 0.9742965937499999 0.6282419 0.963596384375 0.6282419 0.9539157359375 0.6359978390625 0.9465484921874999 0.6491770156250001
1 0.886014653125 0.6756144328125 0.8953701031250001 0.68005251875 0.911094065625 0.67703119375 0.9236818 0.669413634375 0.920196071875 0.6431310671875 0.907455578125 0.6145355593749999 0.900910003125 0.62035086875 0.8900257843749999 0.6210526609375 0.8808867453125 0.64358575 0.878303696875 0.6684680265625 0.886014653125 0.6756144328125
1 0.9102180046875 0.774599903125 0.9091648812500001 0.7476254328125 0.902420253125 0.7350821562500001 0.8884298968750001 0.73717105625 0.8701263578124999 0.7486468203125 0.8733597968750001 0.771865228125 0.8802676015625 0.7860130671875 0.8905072140625 0.786886190625 0.9010905390625 0.7855616828125 0.9102180046875 0.774599903125
1 0.82947574375 0.737411575 0.831852796875 0.7120943843750001 0.8230736703125 0.6966846343750001 0.8067791703125 0.6933305375 0.7877650609375 0.70225613125 0.7915887140625 0.7354972984375 0.7959713328125 0.7470093062500001 0.805650821875 0.755476925 0.8165118937500001 0.7512694734375 0.82947574375 0.737411575
1 0.7645192296875 0.8881119625 0.78254644375 0.8663527984374999 0.763197378125 0.8357144515625 0.7426135 0.8346871531250001 0.7229199203125 0.851717634375 0.7195799359375 0.8729966984375 0.734392278125 0.8892270218749999 0.7645192296875 0.8881119625
1 0.7027277 0.804482440625 0.7216941703125 0.7732504296875 0.7023414796874999 0.7314563171875 0.685463859375 0.7431489625000001 0.6717467125 0.75073240625 0.664936190625 0.7777158328125 0.6828002125 0.804482440625 0.7027277 0.804482440625
1 0.6897885015624999 0.4542086421875 0.692618890625 0.4769539 0.7219711796875 0.4766380484375 0.7415606375 0.46454488437499997 0.733409225 0.44431459687499997 0.6897885015624999 0.4542086421875
1 0.675403578125 0.1740562765625 0.659967484375 0.2086025328125 0.695618465625 0.2233409515625 0.719649734375 0.199865290625 0.731692409375 0.17871508593750002 0.715809778125 0.1710359484375 0.6988052546875 0.1655756640625 0.675403578125 0.1740562765625
1 0.2771132078125 0.722180690625 0.2448580265625 0.7084743953125 0.23528003125 0.7129052578125 0.24279416718750002 0.739502425 0.26743833906250003 0.7391127015625 0.2771132078125 0.722180690625
1 0.2027679203125 0.7292137125 0.206834565625 0.7097514890625 0.19605405781250002 0.6969745374999999 0.1765358390625 0.7027484484375 0.181147934375 0.7329250828125 0.2027679203125 0.7292137125