1 0.554315478125 0.8928571421875 0.5078125 0.8798363078125 0.49851190624999997 0.9077380937499999 0.49479166562500004 0.963541665625 0.4892113078125 0.9988839281249999 0.533854165625 1 0.5357142859375 0.9468005937499999 0.554315478125 0.8928571421875
1 0.5877976203124999 0.04836309375 0.5822172640625001 0.0725446421875 0.5747767859375 0.091145834375 0.5803571421875 0.13020833437499998 0.6008184515625 0.1153273796875 0.6026785718750001 0.08742559375 0.6026785718750001 0.04836309375 0.5877976203124999 0.04836309375
1 0.6398809515625 0 0.638020834375 0.059523807812499996 0.6361607140625 0.0930059515625 0.656622021875 0.0967261921875 0.6622023796875001 0.057663692187500004 0.6696428578125 0 0.6398809515625 0
1 0.5654761921875 0.5224867718749999 0.5671296296875 0.49603174531249994 0.570436509375 0.459656084375 0.5671296296875 0.44477513437500005 0.5572089953125 0.40509259374999995 0.56382275 0.3637566109375 0.572089946875 0.3191137546875 0.5753968265625 0.28108465625 0.5737433890625 0.24470899531249998 0.5588624328125 0.229828040625 0.5539021156249999 0.2662037046875 0.5472883609375 0.3058862453125 0.540674603125 0.3406084640625 0.5373677234375001 0.3802910046875 0.53240740625 0.41997354531250003 0.5257936515625 0.4563492046875 0.5224867718749999 0.49272486562499995 0.5142195765625 0.5472883609375 0.5175264546875 0.570436509375 0.5456349203124999 0.5803571421875 0.560515875 0.570436509375 0.5654761921875 0.5224867718749999
1 0.533854165625 0.29017857187499996 0.5412946421875 0.24367559375 0.5226934515625 0.2380952359375 0.520833334375 0.2752976203125 0.5189732140625 0.3125 0.5282738078125 0.3143601203125 0.533854165625 0.29017857187499996
1 0.560515875 0.6878306875 0.560515875 0.6531084640625 0.540674603125 0.6746031734375 0.540674603125 0.697751321875 0.5191798921874999 0.7374338609375 0.520833334375 0.7688492046875 0.5472883609375 0.7523148171875 0.5472883609375 0.7308201078125001 0.560515875 0.6878306875
1 0.5882352953125001 0.7037815140625 0.5829831921874999 0.74711134375 0.5816701703125 0.775997896875 0.5764180671875 0.8009453796875 0.589548321875 0.7733718484375001 0.5948004203124999 0.7418592453125 0.5987394953125 0.7208508390625 0.6026785718750001 0.7077205890625 0.606617646875 0.681460084375 0.613182771875 0.65913865625 0.6144957984375 0.636817228125 0.6184348749999999 0.6184348749999999 0.606617646875 0.5764180671875 0.606617646875 0.6105567234375 0.600052521875 0.6420693265625 0.5934873921875 0.67226890625 0.5882352953125001 0.7037815140625
1 0.5167410718750001 0.5848214281249999 0.5122767859375 0.5870535718750001 0.5055803578125 0.6049107140625 0.5033482140625 0.6216517859375 0.5033482140625 0.6752232140625 0.5100446421875 0.6517857140625 0.5189732140625 0.6450892859375 0.5167410718750001 0.5848214281249999
1 0.65476190625 0.23148148281249997 0.6382275140625 0.2678571421875 0.6382275140625 0.2876984109375 0.6498015890625 0.29596560781250003 0.65806878125 0.29100529062499997 0.6729497359375001 0.24636243281249998 0.677910053125 0.20337301718749998 0.677910053125 0.16369047812499998 0.6762566109375 0.1091269828125 0.65476190625 0.145502646875 0.664682540625 0.166997353125 0.663029103125 0.1901455046875 0.65476190625 0.23148148281249997
1 0.6812169328125 0.396825396875 0.6845238078125 0.3587962953125 0.6729497359375001 0.3587962953125 0.65806878125 0.3323412671875 0.6613756609375 0.2976190484375 0.6415343921875001 0.302579365625 0.6316137546875 0.365410053125 0.6448412671875 0.383597884375 0.6365740765625 0.42989417812499997 0.65806878125 0.4216269828125 0.663029103125 0.3935185171875 0.6812169328125 0.396825396875
1 0.42989417812499997 0.46792328124999993 0.428240740625 0.4943783078125 0.4216269828125 0.5340608484375 0.41666666562500004 0.570436509375 0.40674603125 0.6068121703125 0.4001322765625 0.648148146875 0.3935185171875 0.6878306875 0.3902116390625 0.7142857140625 0.381944446875 0.7374338609375 0.3802910046875 0.7638888890625 0.3720238078125 0.7870370359375001 0.365410053125 0.8068783078124999 0.3587962953125 0.821759259375 0.352182540625 0.8316798921874999 0.3488756609375 0.8416005312499999 0.34391534375 0.8614417984375 0.3389550265625 0.899470896875 0.3389550265625 0.9176587328125001 0.350529103125 0.884589946875 0.3687169328125 0.8548280406250001 0.365410053125 0.8928571421875 0.365410053125 0.9193121703125 0.3786375671875 0.8878968265625 0.385251321875 0.8630952359374999 0.385251321875 0.8283730171875 0.3918650796875 0.7969576734375 0.398478834375 0.7671957671875 0.40509259374999995 0.7374338609375 0.41335979062500006 0.7027116390625 0.4183201078125 0.6679894203125001 0.426587303125 0.634920634375 0.43320105781249996 0.59358465625 0.4431216921875 0.5224867718749999 0.4497354515625 0.49603174531249994 0.459656084375 0.4249338609375 0.46626983906249997 0.365410053125 0.479497353125 0.3174603171875 0.479497353125 0.259589946875 0.4530423265625 0.3174603171875 0.44146825468750006 0.3703703703125 0.43650793749999994 0.426587303125 0.42989417812499997 0.46792328124999993
1 0.29596560781250003 0.2531084640625 0.29596560781250003 0.2911375671875 0.289351853125 0.327513228125 0.2876984109375 0.350661375 0.2876984109375 0.3754629640625 0.2860449734375 0.42175925937500003 0.2860449734375 0.464748678125 0.2761243390625 0.49451057968749995 0.2678571421875 0.5555224859375001 0.259589946875 0.591898146875 0.24470899531249998 0.6415013218750001 0.229828040625 0.671263228125 0.2248677234375 0.701025134375 0.2132936515625 0.7274801609375 0.20337301718749998 0.7622023796875 0.1901455046875 0.7803902093749999 0.1686507953125 0.8366071421875001 0.16369047812499998 0.8581018531250001 0.17195767343749999 0.8878637546875 0.1521164015625 0.91266534375 0.1372354515625 0.996990740625 0.24636243281249998 1 0.2232142859375 0.9424603171875001 0.23644179843750002 0.8928571421875 0.24470899531249998 0.8515211656250001 0.2662037046875 0.773809521875 0.28108465625 0.71924603125 0.2976190484375 0.664682540625 0.32903439218749997 0.560515875 0.3373015890625 0.48941799062499997 0.3488756609375 0.46461640156249995 0.35548942031249997 0.43320105781249996 0.3587962953125 0.4034391515625 0.34226190624999997 0.3786375671875 0.3571428578125 0.3273809515625 0.3571428578125 0.304232803125 0.3753306875 0.2248677234375 0.3885582015625 0.1306216921875 0.3802910046875 0.11574074062499999 0.3687169328125 0.12400793750000001 0.3786375671875 0.06117725 0.3720238078125 0.0429894203125 0.3621031734375 0.10251322812500001 0.3373015890625 0.0909391515625 0.3389550265625 0.069444446875 0.3240740765625 0.069444446875 0.3191137546875 0.12400793750000001 0.304232803125 0.12400793750000001 0.29596560781250003 0.147156084375 0.2943121703125 0.1820105796875 0.2926587328125 0.21673280312499998 0.29596560781250003 0.2531084640625
1 0.3616071421875 0.5569196421875 0.35044642812500004 0.5725446421875 0.35044642812500004 0.5892857140625 0.35491071406249997 0.6037946421875 0.3459821421875 0.6116071421875 0.33705357187499996 0.6205357140625 0.33705357187499996 0.6439732140625 0.3381696421875 0.6529017859375 0.3571428578125 0.6450892859375 0.36383928593750003 0.6261160718750001 0.3805803578125 0.6238839281249999 0.390625 0.6216517859375 0.40290178593750003 0.5915178578125 0.40625 0.5747767859375 0.40848214218749995 0.5535714281249999 0.40178571406249997 0.5357142859375 0.39397321406249997 0.5022321421875 0.3850446421875 0.5212053578125 0.3828125 0.5379464281249999 0.3772321421875 0.5524553578125 0.3616071421875 0.5569196421875
1 0.446428571875 0.8498677234375001 0.4563492046875 0.836640209375 0.4315476203125 0.836640209375 0.428240740625 0.8796296296874999 0.4232804234375 0.9226190484375 0.4183201078125 0.9672619062500001 0.43650793749999994 0.958994709375 0.43816137499999996 0.9209656078125 0.44146825468750006 0.8912037046875 0.446428571875 0.8498677234375001