1 0.6523268390625 0.7947781390624999 0.647591990625 0.7751623390625 0.6448863609375 0.7535173171875 0.6814123390625 0.8008657984375 0.6942640718749999 0.8008657984375 0.7003517328125 0.8008657984375 0.6137716421875 0.68925865625 0.5873917765625001 0.694669915625 0.5752164515625 0.7129329015625 0.6523268390625 0.7947781390624999
1 0.645562771875 0.697375540625 0.6408279234375 0.7054924234375 0.6604437234375 0.7359307359375 0.6712662328125 0.739989178125 0.645562771875 0.697375540625
1 0.5954921609375 0.599412021875 0.596581009375 0.581445990625 0.5731707328125 0.556946865625 0.567182053125 0.5678353656249999 0.5867813578125001 0.6010452953125001 0.5954921609375 0.599412021875
1 0.6657229953125 0.6483231703125 0.643945990625 0.6058580140625 0.6379573171875 0.6064024375 0.638501740625 0.6167465171875001 0.6608231703125 0.6483231703125 0.6657229953125 0.6483231703125
1 0.372942071875 0.5568597546875 0.40016332656250003 0.583536584375 0.40669642812499995 0.583536584375 0.40397430312499993 0.567748259375 0.3533427671875 0.4947952953125 0.3429986921875 0.48717334375 0.3348323171875 0.499150696875 0.372942071875 0.5568597546875
1 0.44262848281249995 0.3630335359375 0.42847343281250005 0.36031141093749997 0.4290178578125 0.3782774375 0.4987042671875 0.5051284828125 0.5128593218749999 0.511661584375 0.5134037453125 0.4915178578125 0.473116290625 0.4169316203125 0.44262848281249995 0.3630335359375
1 0.4371842328125 0.44034189687499997 0.435550959375 0.45504137499999997 0.48073824062500004 0.5356162906249999 0.491626740625 0.5361607140625 0.49434886562499997 0.5209168125 0.446983884375 0.4392530484375 0.4371842328125 0.44034189687499997
1 0.359331446875 0.471918553125 0.3734865 0.4969621078125 0.39199695156250003 0.4860736078125 0.37620862499999996 0.460485625 0.359331446875 0.4599412015625 0.359331446875 0.471918553125
1 0.2941729328125 0.3354887234375 0.2833646609375 0.313872178125 0.26738721875000004 0.3072932328125 0.26691729531249997 0.3256202984375 0.2946428578125 0.3693233078125 0.32518796875 0.416315790625 0.3345864640625 0.4214849640625 0.338345865625 0.41067669218749997 0.2941729328125 0.3354887234375
1 0.1823308265625 0.24009398593750003 0.25939849531250003 0.3439473703125 0.2664473703125 0.3439473703125 0.26738721875000004 0.33219925 0.22791353593750002 0.258890978125 0.198308271875 0.22364661562500002 0.178571428125 0.22082706718749998 0.1823308265625 0.24009398593750003
1 0.15251756249999998 0.23272833906249998 0.1576405140625 0.23199648593750002 0.1612997671875 0.221750584375 0.045667446875 0.009514053125 0.0405444953125 0.009514053125 0.0442037453125 0.032201406249999995 0.15251756249999998 0.23272833906249998
1 0.25424473281250004 0.1383196734375 0.2996194375 0.2151639328125 0.3098653390625 0.2158957859375 0.31645199062499996 0.2063817328125 0.26741803124999997 0.1178278703125 0.24985362968749997 0.1156323171875 0.24985362968749997 0.130269321875 0.25424473281250004 0.1383196734375
1 0.122511709375 0.069525759375 0.151053865625 0.13758782187500002 0.17008196874999998 0.16612997812500002 0.1993559734375 0.18808548281249998 0.1803278703125 0.14563817343750002 0.1598360671875 0.10319086562499999 0.121048009375 0.0424473078125 0.115193209375 0.0453747046875 0.122511709375 0.069525759375
1 0.3372736421875 0.101861165625 0.3661971828125 0.15279175 0.3762575453125 0.152162978125 0.37059859375 0.13267102656250002 0.308978875 0.018863178124999998 0.302062375 0.017605634375000002 0.302062375 0.037097584375 0.3372736421875 0.101861165625
1 0.12020905781249999 0.0397539203125 0.13490853593750002 0.0326763921875 0.1229311828125 0.0010997359375 0.08754355312499999 0.0005553125 0.10333187968749999 0.02396559375 0.10714285781249999 0.0364873703125 0.11095383437499999 0.0397539203125 0.12020905781249999 0.0397539203125
1 0.0978876296875 0.02668771875 0.082099303125 0.000010889062500000001 0.0619555765625 0 0.06794425 0.025054442187499998 0.07992160312499999 0.038665071875 0.09734320468749999 0.03757621875 0.0978876296875 0.02668771875
1 0.7509398484375 0.8897243125 0.7509398484375 0.8999060140624999 0.740758146875 0.903822053125 0.7446741875 0.9155701734375 0.7689536343750001 0.9155701734375 0.7799185453125 0.9022556390625001 0.7807017546874999 0.8568295765625 0.76033834375 0.8450814546875 0.7532894734375 0.8466478703125 0.7509398484375 0.85996240625 0.7329260671875 0.8583959906249999 0.7305764421875 0.8779761921875 0.7509398484375 0.8897243125