1 0.5674044281249999 0.7318913484375 0.5630030171875 0.7325201203125 0.5554577453125 0.763329978125 0.5560865171875 0.77779175 0.5674044281249999 0.788480884375 0.5674044281249999 0.7318913484375
1 0.4833389859375 0.68661971875 0.485225303125 0.6444919515625 0.4814526703125 0.6224849109374999 0.480195125 0.596076459375 0.462589490625 0.5954476875 0.46447580781250003 0.8060865171874999 0.4902554859375 0.8054577453125 0.490884259375 0.778420521875 0.47768003593749997 0.7344064375 0.47642248593750003 0.698566396875 0.4833389859375 0.68661971875
1 0.503446115625 0.59523809375 0.503446115625 0.708803259375 0.5175438609375 0.7166353390625 0.523809521875 0.7166353390625 0.5230263171875 0.646146615625 0.5167606515625 0.64771303125 0.5167606515625 0.6680764421875 0.5097117812499999 0.6821741875 0.5097117812499999 0.59523809375 0.503446115625 0.59523809375
1 0.5258387453125 0.62567640625 0.53192640625 0.62567640625 0.53192640625 0.5661525984375 0.5251623390625 0.5661525984375 0.5258387453125 0.62567640625
1 0.48705357187500004 0.49955357187500005 0.48169642812499996 0.49910714218749996 0.48214285781250005 0.528125 0.487946428125 0.528125 0.48705357187500004 0.49955357187500005
1 0.4830357140625 0.40625 0.4772321421875 0.40625 0.4772321421875 0.46651785781250005 0.4830357140625 0.46651785781250005 0.4830357140625 0.40625
1 0.5084821421875 0.32232142812500003 0.5138392859375001 0.3227678578125 0.5138392859375001 0.2861607140625 0.5084821421875 0.284821428125 0.5084821421875 0.32232142812500003
1 0.46428571406249997 0.312946428125 0.4727678578125 0.312946428125 0.4727678578125 0.284375 0.46428571406249997 0.281696428125 0.46428571406249997 0.312946428125
1 0.48214285781250005 0.27142857187499997 0.48214285781250005 0.290625 0.4861607140625 0.29017857187499996 0.4861607140625 0.271875 0.48214285781250005 0.27142857187499997
1 0.531757303125 0.3693181828125 0.5266842546875 0.3789569828125 0.5271915578125 0.437804384375 0.5408887984375 0.43222402656250003 0.5403814953125 0.3677962671875 0.531757303125 0.3693181828125
1 0.4705357140625 0.33973214218750003 0.4647321421875 0.3446428578125 0.46428571406249997 0.4 0.47142857187500004 0.39955357187499996 0.4772321421875 0.390178571875 0.4758928578125 0.347321428125 0.4705357140625 0.33973214218750003
1 0.5493421078125 0.441729321875 0.548872178125 0.47321428593750003 0.5540413531249999 0.47321428593750003 0.5540413531249999 0.44078947343749997 0.5493421078125 0.441729321875
1 0.48170731718750004 0.1687717765625 0.4778963390625 0.160060978125 0.47245208906249997 0.160060978125 0.47245208906249997 0.19381532968749998 0.477351915625 0.19381532968749998 0.48225174062500004 0.18238240625 0.48170731718750004 0.1687717765625