1 0 0.33918980312499997 0.18171037968749998 0.3433576296875 0.487470353125 0.4177769234375 0.8928571421875 0.44196428593750003 0.8976614828124999 0.43619210312499995 0.8191702718749999 0.37792096875 0.486450196875 0.36865234375 0.1992013125 0.29121617031249997 0 0.26268659375 0 0.33918980312499997
1 1 0.5478890140625 0.9544993125 0.5458623171875 0.9550073390625 0.5638972140625 1 0.56574015625 1 0.5478890140625
1 0.8814238124999999 0.5940624062500001 0.899000259375 0.5824779640625 0.8548020624999999 0.5761762906250001 0.8355673609375 0.5821915265625 0.839237928125 0.5933742953125 0.8814238124999999 0.5940624062500001
1 0.46062311562499997 0.5258158609375 0.44507565156249995 0.536562759375 0.445679375 0.5581474421875 0.4728241421875 0.5672844203125 0.7311002906249999 0.5779274515624999 0.739432303125 0.56171784375 0.719970384375 0.558007875 0.728893134375 0.5438204062499999 0.7299480265625 0.541765803125 0.674035584375 0.5290292187500001 0.660003915625 0.5453037453125 0.46062311562499997 0.5258158609375
1 0.0012466203125 0.3853159328125 0.0842431203125 0.3929344953125 0.098941790625 0.4315371203125 0.272026353125 0.45969715625 0.6964489953124999 0.507384771875 0.832597853125 0.5227994734375 0.8508251203125001 0.5024928531249999 0.6225718578125 0.4770193609375 0.45669342031250004 0.460785521875 0.49490652187500006 0.44411633906250003 0.4115777859375 0.41026242812499997 0.35703346406250003 0.41304635312500004 0.39328178125 0.44870466093749994 0.2475896703125 0.43342743749999996 0.2082194640625 0.40174453125 0.09068739218750001 0.3693341390625 0 0.36568524999999996 0.0012466203125 0.3853159328125
1 0.9295842015625 0.64289965625 1 0.6376405984375 0.9427106515625001 0.619047928125 0.8590412765625001 0.6218963890625 0.8700255 0.6375840984375001 0.9295842015625 0.64289965625
1 0.5394676656249999 0.6203615140625 0.5842379156249999 0.6520100171875 0.6255523484375 0.6534930984375 0.6477985796875 0.6307807546875 0.7320470671875 0.64425090625 0.846927084375 0.6472453218750001 0.8397706250000001 0.63531475 0.772975428125 0.6361622234375 0.6590087984374999 0.612946103125 0.5394676656249999 0.6203615140625
1 0.3976473390625 0.5123742984375 0.3334793171875 0.5206513078125 0.3725432328125 0.53715825 0.43350968281249996 0.532741959375 0.3976473390625 0.5123742984375
1 0.3240299640625 0.5752616921875 0.2310383578125 0.5820367859375 0.361224728125 0.6028752671875 0.4395361734375 0.6062651703124999 0.3240299640625 0.5752616921875
1 0.06979671875 0.4675428390625 0.1385976078125 0.495217625 0.208118853125 0.48332471874999994 0.18479444218750002 0.46190712968750003 0.14332463906249998 0.456963521875 0.06979671875 0.4675428390625
1 0 0.563707771875 0.12254265625 0.5664903171875 0.1089595046875 0.5527706296875 0 0.5405199015625 0 0.563707771875
1 0.0482190484375 0.5130004859375 0.057032795312499995 0.541532165625 0.1574963125 0.5411790484375001 0.1402407671875 0.5213857859375 0.0482190484375 0.5130004859375