1 0.5039231609375 0.0480248921875 0.5032467546875 0.11228354843749999 0.5093344156249999 0.1136363609375 0.510010821875 0.0487012984375 0.5039231609375 0.0480248921875
1 0.44034091093749994 0.07034632187499999 0.4410173171875 0.1400162328125 0.446428571875 0.1393398265625 0.44710497812499994 0.071022728125 0.44034091093749994 0.07034632187499999
1 0.4863365796875 0.1724837671875 0.4849837671875 0.23268398281249997 0.491747834375 0.23268398281249997 0.491747834375 0.1738365796875 0.4863365796875 0.1724837671875
1 0.486171603125 0.0212325796875 0.486171603125 0.05063153124999999 0.4921602765625 0.05063153124999999 0.4927047046875 0.0212325796875 0.486171603125 0.0212325796875
1 0.47691637499999995 0.0032665484375 0.47746080312499994 0.067508709375 0.483449478125 0.0669642859375 0.483449478125 0.0032665484375 0.47691637499999995 0.0032665484375
1 0.46003919687500006 0 0.46003919687500006 0.046276134375 0.46493902187499997 0.048453834375 0.46493902187499997 0 0.46003919687500006 0
1 0.44705734374999995 0.18548792812499998 0.436368209375 0.181715290625 0.4369969828125 0.29678068281250003 0.4426559375 0.29678068281250003 0.4457997984375 0.199949696875 0.44705734374999995 0.18548792812499998
1 0.4731054015625 0.5901567953125 0.47800522812499996 0.5896123703125 0.47854965156249996 0.49760453125000004 0.4905270046875 0.486171603125 0.491615853125 0.432817946875 0.482905053125 0.42410714218749995 0.482905053125 0.4104965171875 0.4731054015625 0.395797040625 0.4676611515625 0.3974303125 0.46493902187499997 0.42029616562500005 0.46493902187499997 0.46112804843750005 0.4643945984375 0.576546165625 0.4731054015625 0.5901567953125
1 0.4518398265625 0.3747294375 0.44034091093749994 0.3706709953125 0.4410173171875 0.4410173171875 0.45589826718750004 0.4247835484375 0.45589826718750004 0.397727271875 0.4518398265625 0.3747294375
1 0.459280303125 0.396374459375 0.4640151515625 0.396374459375 0.46942640625000004 0.3747294375 0.47483766093749996 0.37608225 0.47619047812500004 0.3084415578125 0.4640151515625 0.3084415578125 0.4640151515625 0.33143939218749996 0.4552218609375 0.332792209375 0.45589826718750004 0.36864177656249997 0.459280303125 0.396374459375
1 0.46214788906250004 0.6533199203125 0.4571177046875 0.6042756515625001 0.4426559375 0.5747233390625001 0.4426559375 0.7023641828125 0.44705734374999995 0.7017354109375 0.45397384374999994 0.675326959375 0.46214788906250004 0.6533199203125
1 0.48352615625000006 0.6929325937499999 0.48352615625000006 0.6363430578125 0.477238428125 0.637600603125 0.4678068390625 0.682243459375 0.4671780671875 0.7287726343750001 0.4747233390625 0.7268863171875 0.48352615625000006 0.6929325937499999
1 0.4727678578125 0.740625 0.4727678578125 0.8075892859374999 0.478125 0.8084821421875 0.478571428125 0.740178571875 0.4727678578125 0.740625
1 0.4638392859375 0.740178571875 0.4638392859375 0.812946428125 0.46964285781250004 0.8125 0.46964285781250004 0.7410714281249999 0.4638392859375 0.740178571875
1 0.45089285781250005 0.7549107140625 0.45 0.7830357140624999 0.45580357187500004 0.7825892859375 0.456696428125 0.7540178578125001 0.45089285781250005 0.7549107140625
1 0.48214285781250005 0.780803571875 0.48169642812499996 0.799553571875 0.48705357187500004 0.7991071421875 0.48705357187500004 0.78125 0.48214285781250005 0.780803571875
1 0.4772321421875 0.812053571875 0.4772321421875 0.844196428125 0.48214285781250005 0.84375 0.4830357140625 0.812053571875 0.4772321421875 0.812053571875
1 0.4549107140625 0.865178571875 0.45535714218749995 0.906696428125 0.4602678578125 0.9075892859374999 0.4602678578125 0.8660714281249999 0.4549107140625 0.865178571875
1 0.46875 1 0.46964285781250004 0.9415178578125 0.46428571406249997 0.9415178578125 0.46428571406249997 1 0.46875 1
1 0.45089285781250005 0.941071428125 0.45089285781250005 0.955803571875 0.45580357187500004 0.95625 0.45580357187500004 0.941071428125 0.45089285781250005 0.941071428125
1 0.49512987031250005 0.8700284109374999 0.49462256718750003 0.8938717546875001 0.500710228125 0.8938717546875001 0.500710228125 0.8705357140625001 0.49512987031250005 0.8700284109374999