1 0.33918980312499997 1 0.3433576296875 0.8182896203125001 0.4177769234375 0.512529646875 0.44196428593750003 0.10714285781249999 0.43619210312499995 0.1023385171875 0.37792096875 0.180829728125 0.36865234375 0.513549803125 0.29121617031249997 0.8007986875 0.26268659375 1 0.33918980312499997 1
1 0.5478890140625 0 0.5458623171875 0.0455006875 0.5638972140625 0.0449926609375 0.56574015625 0 0.5478890140625 0
1 0.5940624062500001 0.11857618750000001 0.5824779640625 0.10099974062499999 0.5761762906250001 0.1451979375 0.5821915265625 0.1644326390625 0.5933742953125 0.160762071875 0.5940624062500001 0.11857618750000001
1 0.536562759375 0.5549243484375 0.5581474421875 0.554320625 0.5672844203125 0.5271758578125 0.5779274515624999 0.26889970937499996 0.56171784375 0.26056769687500003 0.558007875 0.280029615625 0.5438204062499999 0.271106865625 0.541765803125 0.2700519734375 0.5290292187500001 0.325964415625 0.5453037453125 0.339996084375 0.5258158609375 0.539376884375 0.536562759375 0.5549243484375
1 0.4770193609375 0.3774281421875 0.460785521875 0.5433065796875 0.44411633906250003 0.5050934781249999 0.41026242812499997 0.5884222140625 0.41304635312500004 0.6429665359375 0.44870466093749994 0.60671821875 0.43342743749999996 0.7524103296875 0.40174453125 0.7917805359375001 0.3693341390625 0.9093126078125 0.36568524999999996 1 0.3853159328125 0.9987533796875001 0.3929344953125 0.9157568796875 0.4315371203125 0.9010582093749999 0.45969715625 0.727973646875 0.507384771875 0.30355100468749996 0.5227994734375 0.167402146875 0.5024928531249999 0.1491748796875 0.4770193609375 0.3774281421875
1 0.64289965625 0.0704157984375 0.6376405984375 0 0.619047928125 0.0572893484375 0.6218963890625 0.1409587234375 0.6375840984375001 0.1299745 0.64289965625 0.0704157984375
1 0.612946103125 0.34099120156249996 0.6203615140625 0.460532334375 0.6520100171875 0.415762084375 0.6534930984375 0.37444765156250004 0.6307807546875 0.3522014203125 0.64425090625 0.2679529328125 0.6472453218750001 0.153072915625 0.63531475 0.160229375 0.6361622234375 0.227024571875 0.612946103125 0.34099120156249996
1 0.53715825 0.6274567671875 0.532741959375 0.5664903171875 0.5123742984375 0.6023526609375 0.5206513078125 0.6665206828125 0.53715825 0.6274567671875
1 0.6028752671875 0.6387752718749999 0.6062651703124999 0.5604638265624999 0.5752616921875 0.6759700359374999 0.5820367859375 0.7689616421875 0.6028752671875 0.6387752718749999
1 0.4675428390625 0.9302032812500001 0.495217625 0.8614023921875 0.48332471874999994 0.791881146875 0.46190712968750003 0.8152055578124999 0.456963521875 0.8566753609375001 0.4675428390625 0.9302032812500001
1 0.563707771875 1 0.5664903171875 0.8774573437500001 0.5527706296875 0.8910404953125 0.5405199015625 1 0.563707771875 1
1 0.5411790484375001 0.8425036875 0.5213857859375 0.8597592328125 0.5130004859375 0.9517809515625 0.541532165625 0.9429672046875 0.5411790484375001 0.8425036875