1 0.9353887359374999 0.6531098921875 0.9255830359375 0.6563752359375 0.927217334375 0.6645387359375 0.958268709375 0.66698778125 0.958268709375 0.6539261921875 0.9353887359374999 0.6531098921875
1 0.9868686609375 0.539637540625 0.938657290625 0.539637540625 0.923948740625 0.5420865796875 0.9214973171875 0.5518827546875 0.9313030171875001 0.5518827546875 0.9313030171875001 0.560862553125 0.9639887093749999 0.558413509375 0.9721601109375 0.5510663796874999 0.9958572328124999 0.550250084375 0.9868686609375 0.539637540625
1 0.8978002328124999 0.54371925 0.8692002640625001 0.5453519953125 0.8463203078125 0.547801040625 0.8430517140625 0.5518827546875 0.83896603125 0.5567808390625 0.8822745171875 0.5575972140625 0.8937145140625 0.5535154234374999 0.8978002328124999 0.54371925
1 0.86348028125 0.5045345625000001 0.8587222359375 0.51573578125 0.8994344906249999 0.5167797765625 0.9010687859375001 0.510249021875 0.9157773390624999 0.5045345625000001 0.9076059328125 0.49555476406250004 0.878188834375 0.489840303125 0.86348028125 0.5045345625000001
1 0.8846681203125 0.4359080140625 0.8854852859375001 0.4522350171875 0.9026452640624999 0.451418646875 0.9026452640624999 0.4359080140625 0.8846681203125 0.4359080140625
1 0.8471374375 0.405756540625 0.9133259109375 0.40330749531250004 0.9223144828125 0.3926949515625 0.9092401921875 0.386980490625 0.8642974109375 0.3894295359375 0.8455031421875001 0.3935113265625 0.8471374375 0.405756540625
1 0.7703261343750001 0.5175961515624999 0.7466290140625 0.515963478125 0.7433604546875 0.5273923218750001 0.768691834375 0.5282086968749999 0.7703261343750001 0.5175961515624999
1 0.7147604859375 0.48086050468749997 0.78993753125 0.48086050468749997 0.7997432328125 0.47024795937499997 0.8201717640625 0.47024795937499997 0.8231986390625 0.459388 0.8209888921875 0.4604517859375 0.791571790625 0.4629008296875 0.756434709375 0.46616624531250006 0.727834740625 0.468615290625 0.7147604859375 0.48086050468749997
1 0.8258917406249999 0.6678041515625 0.8305483484374999 0.6406808578125001 0.7940232140625 0.6416809781249999 0.7940232140625 0.652293521875 0.75316615625 0.6547425625 0.7539832859375 0.6686204515624999 0.8258917406249999 0.6678041515625
1 0.8185374640624999 0.48249317343750003 0.789120365625 0.4841259203125 0.7850346828125 0.5029018921875 0.8207487328124999 0.5047112140625 0.8185374640624999 0.48249317343750003
1 0.6273263171875 0.5510663796874999 0.6894291078125 0.5518827546875 0.7129529828125001 0.5304352015625 0.6591948390625 0.5322904109375 0.6591948390625 0.5273923218750001 0.6183377812499999 0.52412690625 0.5962749546875 0.5420865796875 0.6273263171875 0.5510663796874999
1 0.604446321875 0.44575752656249995 0.604446321875 0.458002740625 0.6379491828125 0.458002740625 0.657529071875 0.442488959375 0.6256920578125 0.43922677187500003 0.6216062984375 0.44575752656249995 0.604446321875 0.44575752656249995
1 0.566873071875 0.6571916078125 0.5104902953125 0.6588242765625 0.5113073890625001 0.671885865625 0.5578844640625 0.670253196875 0.5815816203125 0.6727022359375 0.566873071875 0.6571916078125
1 0.603644446875 0.640864678125 0.5995586875 0.652293521875 0.6118158125 0.652293521875 0.6118158125 0.6416809781249999 0.603644446875 0.640864678125
1 0.6412329515625 0.5771895578125 0.640415821875 0.5886184015625 0.6553802546874999 0.5916827859375 0.6534900765625 0.5771895578125 0.6412329515625 0.5771895578125
1 0.689444321875 0.6441300171875 0.689444321875 0.6547425625 0.7033357046875001 0.6571916078125 0.7043783218749999 0.6455806609375 0.689444321875 0.6441300171875
1 0.6077301296875001 0.660457021875 0.6003758578125 0.6784166203125 0.6420500796875 0.6767839515625 0.637964396875 0.663722365625 0.6077301296875001 0.660457021875
1 0.5121245531249999 0.569026053125 0.4990502640625 0.5698424281250001 0.5006845984375 0.5788222281250001 0.5145759828124999 0.590251071875 0.5758616078125 0.5918838171874999 0.5758616078125 0.5771895578125 0.552164521875 0.5771895578125 0.552164521875 0.56412796875 0.5284673609375 0.5624952984375 0.5121245531249999 0.569026053125
1 0.6804557499999999 0.38861323593749997 0.5832158796875 0.3902459109375 0.5856673031249999 0.4180017546875 0.597924428125 0.41147092343749997 0.6183529953125 0.405756540625 0.652672946875 0.4041237953125 0.6812728796874999 0.4041237953125 0.6804557499999999 0.38861323593749997
1 0.9582108703125 0.420397459375 0.9582108703125 0.40651950000000003 0.9175199203125001 0.40794003125 0.9157195171874999 0.419581084375 0.9582108703125 0.420397459375
1 1 0.3281501203125 0.9663823125000001 0.328966490625 0.9677429421875001 0.3417926390625 1 0.34366075 1 0.3281501203125
1 0.8961081156249999 0.34202807968750004 0.9383440984375 0.3417926390625 0.93778234375 0.3248847765625 0.908365240625 0.3134558609375 0.8634224640625 0.3199866921875 0.8683253125 0.3363136203125 0.8961081156249999 0.34202807968750004
1 0.785225134375 0.3528172015625 0.7334969375 0.3559059640625 0.7155197953125 0.359987678125 0.7408512093749999 0.3730492671875 0.784159696875 0.3673348078125 0.785225134375 0.3528172015625
1 0.5428594234374999 0.4640862046875 0.553482290625 0.44775927656250003 0.4995509421875 0.44939194687499995 0.49301379531249995 0.4640862046875 0.5428594234374999 0.4640862046875
1 0.5134423265625 0.398778415625 0.489745240625 0.4036765 0.48647664687500003 0.419187134375 0.5175280453125 0.42408521875 0.5255353703125001 0.41161488437499993 0.5559337140625 0.4061255453125 0.5779965406249999 0.39959478593750003 0.5608365671875 0.38408415625000003 0.51997946875 0.3865332015625 0.5134423265625 0.398778415625
1 0.43336246406249995 0.5277613265625 0.43336246406249995 0.5179651562500001 0.38596822343750004 0.5163324828125 0.3790168296875 0.5375575 0.40721387968749995 0.5375575 0.40803104843750004 0.5302103703125 0.43336246406249995 0.5277613265625
1 0.4382653171875 0.4649025796875 0.4366309828125 0.477964165625 0.4627795671875 0.4771477953125 0.46306283437499995 0.4642878078125 0.4382653171875 0.4649025796875
1 0.3492561875 0.6583649375 0.3476219328125 0.667344740625 0.41789608906250003 0.67061015625 0.4177396203125 0.6590551296875 0.3492561875 0.6583649375
1 0.40803104843750004 0.642050053125 0.40721387968749995 0.6542952718749999 0.452973865625 0.6542952718749999 0.45326321875 0.644355709375 0.40803104843750004 0.642050053125
1 0.38678538906250004 0.6069470796875 0.3892368125 0.617559625 0.405579625 0.617559625 0.406715053125 0.6076071609375 0.38678538906250004 0.6069470796875
1 0.2446620796875 0.5506070453125 0.2430277453125 0.5636686296875 0.299410521875 0.5628522593749999 0.3451705046875 0.5628522593749999 0.353341875 0.5522397140625 0.3435361734375 0.543259915625 0.3133019828125 0.542443540625 0.2953248390625 0.5457089546875 0.2446620796875 0.5506070453125
1 0.2757134375 0.5073406390625 0.2757134375 0.5261166109375 0.31166764687500004 0.525300240625 0.2953248390625 0.5057078921875 0.2757134375 0.5073406390625
1 0.3353648078125 0.462441490625 0.3329133796875 0.47060499062499994 0.3713190140625 0.47060499062499994 0.3705018484375 0.4779521203125 0.40645612968749995 0.48448287968750003 0.407273259375 0.4697886203125 0.390930415625 0.4648905359375 0.3876618609375 0.4591760765625 0.366416165625 0.460808821875 0.3353648078125 0.462441490625
1 0.2435208171875 0.6436706828125 0.24025222343750002 0.6526504828124999 0.27293791562499997 0.6518341828125 0.2793200765625 0.643130759375 0.2435208171875 0.6436706828125
1 0.2170017953125 0.542829384375 0.216350009375 0.535666740625 0.207225071875 0.5346900171875 0.207550959375 0.5255739593750001 0.18930108437499998 0.524597240625 0.18441272343749998 0.5311087140625 0.1524754203125 0.5307831296875001 0.143676365625 0.538922490625 0.10261411093749999 0.5398992140625001 0.0837124640625 0.543806103125 0.08143121875 0.5532477453125 0.150845959375 0.554875634375 0.15117186093749999 0.5639916921875 0.1847386078125 0.5639916921875 0.1847386078125 0.553898915625 0.1935376609375 0.5532477453125 0.1935376609375 0.54868971875 0.210483978125 0.5480385796875 0.2170017953125 0.542829384375
1 0.1971224640625 0.5913399203124999 0.20201082656249997 0.5779913921875 0.13292196875 0.57864253125 0.1322029234375 0.5909352234374999 0.1971224640625 0.5913399203124999
1 0.063833115625 0.5968747015625 0.0628554421875 0.6030605890625 0.046235009375000004 0.6024094515625 0.0446055671875 0.62064159375 0.0693732453125 0.6216183171874999 0.068721478125 0.6157579828124999 0.12412292031250001 0.61510684375 0.1219437359375 0.5972861468749999 0.1231452453125 0.5988281468750001 0.1234711296875 0.596549115625 0.12021222812500001 0.5978514234375 0.12021222812500001 0.5972002546875 0.063833115625 0.5968747015625
1 0.027704142187500003 0.63366971875 0.024771124999999998 0.6401811921875 0.006521250000000001 0.639530053125 0.004891771875 0.6515763078125001 0.0143426296875 0.6548320265625 0.014668500000000001 0.66134353125 0.042043339062500004 0.6600412234374999 0.042324321875 0.6518967140624999 0.118256884375 0.6522222984375 0.118256884375 0.642129490625 0.10331081718749999 0.6359487453125 0.0994001296875 0.6300884109375 0.071699396875 0.6297628265624999 0.0664851515625 0.6352975796875 0.027704142187500003 0.63366971875
1 0 0.5401278125 0.065833365625 0.5392532234375 0.0664851515625 0.5233000796875 0.05473668281250001 0.5211730484375 0.0645134234375 0.5162894375 0.040413884375 0.5190676078124999 0.0000034109375 0.5206954953125 0 0.5392532234375 0 0.5401278125
1 0.08993290625 0.49252251406249997 0.06581698281250001 0.4951270984375 0.064296865625 0.517655303125 0.08993290625 0.5169405765625 0.0912364640625 0.5107546562499999 0.1081827953125 0.5101035171875 0.10557566562500001 0.4954526828125 0.08993290625 0.49252251406249997
1 0.009437879687500001 0.4557326421875 0.0110673265625 0.48080184375 0.08471865625 0.4801507046875 0.09710249531250001 0.477871678125 0.09710249531250001 0.4641975625 0.0273618578125 0.463871978125 0.02801365625 0.457360478125 0.009437879687500001 0.4557326421875
1 0.1160041734375 0.4335935796875 0.1234996515625 0.432942415625 0.12382555312500002 0.4277332453125 0.12024075000000001 0.42545425000000003 0.0726606875 0.4244775265625 0.070159259375 0.4492607140625 0.1036203171875 0.44759325 0.102642646875 0.4371749203125 0.11144169687500001 0.436849303125 0.11144169687500001 0.434570303125 0.1160041734375 0.4335935796875
1 0.20035587968750002 0.41145451718750004 0.2019853390625 0.40136174062499996 0.17395872343750002 0.40071057187500003 0.17135159375 0.40429190625 0.16874447812499999 0.406245353125 0.1680926875 0.40917552187500006 0.20035587968750002 0.41145451718750004
1 0.12540099062500001 0.40591979843750003 0.12409741562500001 0.4150358578125 0.14984279843749998 0.41405913437499997 0.151472259375 0.40591979843750003 0.12540099062500001 0.40591979843750003
1 0.32170317812500004 0.432596959375 0.3477744328125 0.429992375 0.34972978593750004 0.418597290625 0.25033309375 0.41957401406250006 0.24847372812500002 0.43607032968750004 0.2519625359375 0.457991740625 0.2754266734375 0.452456990625 0.2737972328125 0.44366649062499997 0.318444259375 0.4426897671875 0.32170317812500004 0.432596959375
1 0.270644875 0.586821021875 0.2932668078125 0.588559478125 0.2962568921875 0.571899290625 0.2897865140625 0.5734928078125 0.2799256609375 0.5700158921875 0.257303728125 0.5700158921875 0.2578837953125 0.5781287328125 0.270644875 0.586821021875
1 0.3402508265625 0.5966722640625 0.3402508265625 0.5879799734375 0.3228493390625 0.586821021875 0.3228493390625 0.5984107234375 0.3402508265625 0.5966722640625
0 0.3160047640625 0.6716151515625 0.32676166093750003 0.6708987234375 0.3411041921875 0.668032875 0.34038707968750004 0.6565697140625 0.337909053125 0.6485125140625 0.32389314687500004 0.650121646875 0.3138533796875 0.6572860890625 0.310267740625 0.663017728125 0.31241912968749996 0.6708987234375 0.3160047640625 0.6716151515625