1 0.5414742328125 0.09597581250000001 0.5478735 0.0963525984375 0.5527670796875 0.0869327453125 0.563307084375 0.0752521078125 0.563307084375 0.0130810265625 0.5625542046875001 0.0081826921875 0.5561549328125001 0.0074291109374999996 0.550132071875 0.013457834375 0.5527670796875 0.0360655 0.549755665625 0.05302125 0.5407213843750001 0.060933928125 0.530557821875 0.060180334375 0.5230292328124999 0.0673394234375 0.5234056734375 0.10426528125000001 0.5358278078125001 0.10652604843749999 0.5414742328125 0.09597581250000001
1 0.5700827953125 0.057919571875 0.568953509375 0.10162772812500001 0.5734706468749999 0.10162772812500001 0.5745999328125 0.1118011734375 0.5813756421875 0.1129315578125 0.5802463578125 0.05302125 0.574223490625 0.050760482812499993 0.5708356390625 0.050760482812499993 0.5700827953125 0.057919571875
1 0.48164754531250004 0 0.481945040625 0.0260866875 0.483730125 0.042465896875 0.4798624546875 0.053186834375000006 0.47926741093749997 0.06386561562500001 0.4798624546875 0.0960284375 0.47837486562500003 0.1408027453125 0.4834326296875 0.1464610046875 0.48462267031249995 0.1536082953125 0.48105249531250005 0.1583731703125 0.4798624546875 0.175645803125 0.47926741093749997 0.194407446875 0.4712345171875 0.1991723078125 0.46823967343749995 0.2313432359375 0.47125112500000005 0.269399478125 0.4708746828125 0.28070330781249997 0.4671103890625 0.29878944218750003 0.46259325 0.333436271875 0.465228259375 0.3974913296875 0.474262540625 0.396737740625 0.47765039218750005 0.3858107046875 0.47802683437500004 0.37036212968750004 0.4825439734375 0.355667146875 0.491391009375 0.35039834375 0.500801728125 0.3375873296875 0.5015545718750001 0.3240227328125 0.4977903125 0.30857415625 0.489508875 0.2968935359375 0.489508875 0.283705728125 0.495346478125 0.280910290625 0.4972286421875 0.2767655625 0.5028750671875 0.2650849234375 0.50099290625 0.213323759375 0.5092743390625001 0.2035270984375 0.5092743390625001 0.181296240625 0.508521490625 0.15002229843749998 0.4968522046875 0.12122103125000001 0.49120578125 0.1087868125 0.489700053125 0.08730953125 0.4934643484375 0.079396853125 0.4960993578125 0.0692234015625 0.49760504843750003 0.080904021875 0.5092743390625001 0.0888167046875 0.5122857546875 0.056789187500000005 0.5164264859375 0.0537748265625 0.5164264859375 0 0.48164754531250004 0
1 0.466759259375 0.09155805312500001 0.4643791515625 0.0701161734375 0.4551561921875 0.0593952328125 0.45485869218749997 0.055821584375 0.45396615156250003 0.06237328125 0.45218106249999995 0.131463790625 0.4557512359375 0.138313271875 0.4619990453125 0.143971553125 0.46884186562499996 0.14456715625 0.47479214687500004 0.14248253125000002 0.47538719687500003 0.120742853125 0.4697344109375 0.1135955578125 0.4658667140625 0.105257040625 0.466759259375 0.09155805312500001
1 0.510791415625 0.38167840625 0.5164442015625 0.3864432671875 0.524179571875 0.38167840625 0.5262621828125 0.3673838171875 0.5274522234375 0.343559509375 0.5334025312499999 0.3313495453125 0.5375677234375 0.326286875 0.5378652500000001 0.2845943390625 0.5384602671875001 0.2637480578125 0.5369727046875 0.2488578703125 0.5328074828125 0.2417105765625 0.5328074828125 0.2280115890625 0.531022396875 0.2134191875 0.5274522234375 0.1987103484375 0.5313199203125001 0.1896048703125 0.5274522234375 0.17875749531250001 0.526559678125 0.16446290624999998 0.5167416968749999 0.165654103125 0.5164442015625 0.16922553125 0.5173367453125 0.2097268703125 0.510196396875 0.222234634375 0.5143615890625 0.2406984828125 0.5170392234375 0.2609491515625 0.5173367453125 0.28239103125 0.5215019421875 0.2948987953125 0.5200143749999999 0.3102054640625 0.519716853125 0.320032990625 0.5143615890625 0.3322429546875 0.5081137859375 0.343559509375 0.509303853125 0.36649040624999996 0.510791415625 0.38167840625
1 0.5447080765625001 0.1955609375 0.5430744015625 0.20047996875 0.543669446875 0.2237086875 0.541586834375 0.24812860312499999 0.54426446875 0.2576583296875 0.55437996875 0.25795612968750004 0.5552725140625 0.245448365625 0.5555681296875 0.21909078124999998 0.5561650578124999 0.1995865578125 0.5548235765625 0.186626821875 0.547088209375 0.1848399953125 0.5447080765625001 0.1955609375
1 0.538610740625 0.3589881875 0.5403958296875 0.3843015140625 0.555569071875 0.38698175 0.5567591390625 0.37447398593750003 0.5603293125000001 0.364646459375 0.5641970093750001 0.347076040625 0.568064678125 0.333972646875 0.5692547453125 0.323549521875 0.573122446875 0.357796978125 0.5808578125 0.3580947765625 0.5814528343750001 0.3506496828125 0.5832379203125 0.333972646875 0.5844279859375 0.29912959375 0.5826429015625 0.29376912499999996 0.5674696609375001 0.2919822984375 0.560626834375 0.2970449828125 0.5478337015625 0.30746811093750004 0.5418834203125 0.3172956390625 0.541585896875 0.333972646875 0.5356356156250001 0.3467782234375 0.538610740625 0.3589881875
1 0.4945519546875 0.373393696875 0.4874116078125 0.3745848921875 0.48473397812499996 0.378158540625 0.47997373593750003 0.3996004328125 0.481163803125 0.44337760781249996 0.4796762140625 0.4806030984375 0.48235384375 0.504129603125 0.4897917140625 0.5065120359375 0.49812213437499997 0.49668450937499997 0.499609696875 0.4752426296875 0.49812213437499997 0.45558757187500004 0.49336188906249995 0.4430798078125 0.495146978125 0.414490634375 0.49722958906250003 0.388581696875 0.4945519546875 0.373393696875
1 0.5063261921875 0.41092475000000006 0.5072187328125 0.4359402765625 0.5087062984374999 0.4585733703125 0.5241770625 0.45976457968749995 0.5250696078125 0.44427878125 0.5244745843749999 0.41539180781249996 0.5220944515625 0.409137928125 0.513466540625 0.4046708703125 0.5063261921875 0.41092475000000006
1 0.5804073078124999 0.461253603125 0.581299853125 0.43147321875 0.5779762015625 0.4217261921875 0.572374415625 0.42611275 0.5685067187499999 0.44189634843750003 0.5711843484375 0.4561909328125 0.5765396109375 0.46452945156250003 0.5804073078124999 0.461253603125
1 0.5726719421875 0.53551825 0.5735644828125 0.5182456156249999 0.5726719421875 0.500972990625 0.5664241343749999 0.500972990625 0.566721634375 0.5024620171875 0.5610688749999999 0.5054400484375 0.5619614203125 0.5331358125000001 0.5658290890625 0.5376028703125 0.5726719421875 0.53551825
1 0.5564547140625 0.6277930890625 0.558239803125 0.609924853125 0.561809978125 0.5977148890625 0.5635950625 0.583718115625 0.56508265625 0.5676367046874999 0.56508265625 0.5566179546875001 0.5621075 0.5488750625 0.5531820625 0.5515552953125 0.5508019546875 0.5667432953125 0.5502069109375001 0.57984665625 0.544851646875 0.5983105046875 0.5439591078125 0.61052046875 0.5427690671875001 0.6200501828125 0.5406864546875 0.6295799109375 0.540388928125 0.6411942640625 0.5430665625 0.650723990625 0.549314365625 0.6528086156249999 0.555859696875 0.641492071875 0.5564547140625 0.6277930890625
1 0.5264057546875 0.4783094015625 0.524025646875 0.49230617343749994 0.5228355796875 0.5113656343749999 0.5225380578125 0.5274470453125 0.5171827984374999 0.5325097015625 0.508554884375 0.5328075140624999 0.5052822328125 0.5432306421875001 0.5127200796875 0.55067575 0.5151002140625 0.562587896875 0.5165877765625 0.5846253921875 0.5189678843750001 0.5914748703125 0.5249181921875 0.5896880484375 0.5264057546875 0.5904045625000001 0.5317610171875 0.578492396875 0.5377112984375 0.565686834375 0.5391988890625 0.5534768703124999 0.542471540625 0.5409691078125001 0.5460417140625 0.5302481703125 0.5469342593750001 0.5147623578125 0.549314365625 0.482180834375 0.542471540625 0.47354453124999996 0.53860384375 0.464610415625 0.534141125 0.45776093281249997 0.5293809109375001 0.4628235890625 0.5264057546875 0.4783094015625
1 0.464953478125 0.6212525 0.469118696875 0.6319734375 0.4729863703125 0.6459702187499999 0.4807217640625 0.6513306875 0.4842919375 0.6453746109375 0.48845713437500005 0.6334624546875001 0.4917297859375 0.6227415140625 0.4982751109375 0.6144030046875 0.499762678125 0.60070403125 0.499762678125 0.5780709234375 0.4964900265625 0.5563312453125 0.48399441562499995 0.553651009375 0.48399441562499995 0.5500773609375 0.482506853125 0.5581180671875 0.4792341734375 0.5649675625 0.475664 0.5491839515625 0.4747714546875 0.5393564234375 0.4682261515625 0.5280398703125 0.45930071874999995 0.535187165625 0.45930071874999995 0.561393915625 0.4584081734375 0.5926633265625 0.4601932640625 0.6138073921875 0.464953478125 0.6212525
1 0.44813969218749994 0.374317053125 0.44397446875 0.3731258296875 0.436536625 0.37729508906250003 0.4368341203125 0.4061820625 0.44189188437500004 0.41452057968749995 0.4496272546875 0.422859084375 0.45617257968749997 0.41720081249999996 0.45587505781250004 0.3918874734375 0.45557753593749994 0.37789070156250004 0.4499247765625 0.3749126515625 0.44813969218749994 0.374317053125
1 0.457065125 0.4404295171875 0.45289990625 0.42941076406249995 0.44827114218749997 0.42786634375 0.44248690625 0.4297085765625 0.4436769734375 0.448768021875 0.44456951718750004 0.45948896406250006 0.45081732187499995 0.4600845765625 0.4540899734375 0.45412849062499994 0.457065125 0.4404295171875
1 0.43504871874999995 0.5140153703125 0.4356437671875 0.52979896875 0.43534624062500005 0.5488584234375 0.4371313296875 0.5542188968749999 0.44189188437500004 0.5570876734375 0.4460570796875 0.5478557546875 0.44873439687500005 0.5247363078125 0.44694962499999996 0.50824784375 0.4371313296875 0.5062724515625 0.43504871874999995 0.5140153703125
1 0.44397415625000003 0.66467196875 0.449329415625 0.6718192593750001 0.4561722671875 0.6652675796875 0.45765982968749996 0.6515686078125 0.4561012015625 0.6261904781250001 0.44843687499999996 0.6223838171875 0.4451642234375 0.6298289109375 0.4430816109375 0.647994959375 0.44397415625000003 0.66467196875
1 0.4761057234375 0.7405570625 0.48354359843749994 0.7209020046875 0.489196384375 0.7167327593749999 0.49276655781249995 0.7104899687499999 0.4936590984375 0.6997690265625 0.49187401406250003 0.6875590765624999 0.4897914015625 0.678922759375 0.48860133437500003 0.67908525 0.47640325 0.6740225796875 0.4648001828125 0.6793830484375001 0.46212254843749995 0.6915930140625 0.46152753124999996 0.705887603125 0.4579573578125 0.7320943390625 0.45676729062500004 0.7688484328125 0.4564697640625 0.8036914906250001 0.4639076390625 0.817103771875 0.4725355484375 0.8123389062499999 0.47461816093750003 0.7893969015625 0.47491568281249996 0.7658704015625 0.4761057234375 0.7405570625
1 0.47015544218749994 0.9212547140625 0.47640325 0.9310822453125001 0.482651053125 0.92959321875 0.482651053125 0.8828380140625001 0.48741129531249994 0.8801577765624999 0.49098146875 0.874201696875 0.49276655781249995 0.8074936203125 0.4894938796875 0.805111196875 0.4829485765625 0.8060046109375 0.479675896875 0.8110672671874999 0.4775933171875 0.8262552640624999 0.47491568281249996 0.8316157359374999 0.4731305984375 0.8450169109375001 0.4716430046875 0.8673522015625 0.466882790625 0.8747973078125 0.458254853125 0.8959413749999999 0.4603374640625 0.9138096156250001 0.47015544218749994 0.9212547140625
1 0.433702875 0.8963645140625 0.43400037031250005 0.9255492859375 0.4426283125 0.9294207453125001 0.4464959828125 0.9237624640625001 0.44798357656250004 0.9178063921874999 0.44947113906249997 0.810299178125 0.43995068281250005 0.8058321203125001 0.437868071875 0.8105969906249999 0.4280500890625 0.8195311109375 0.416447021875 0.832038875 0.416447021875 0.8710434234375001 0.41614950000000006 0.9038096078125 0.43132274062500003 0.9112547015624999 0.4331078296875 0.8469290578124999 0.433702875 0.8963645140625
1 0.4411407234375 0.9755576156249999 0.45095870156249995 0.9681125265625001 0.4566114859375 0.965134478125 0.46553692343749997 0.9579871828125001 0.467322009375 0.9344606828125 0.464346853125 0.9302914203125001 0.45601643750000004 0.9276111874999999 0.44619845937499997 0.9261221781250001 0.44143824531250003 0.9356518921875001 0.43757054531249995 0.9508398890624999 0.4331078296875 0.95888059375 0.42299232656249997 0.9657300890625 0.42061221875 0.9818115000000001 0.4286451109375 0.9889587953125 0.4369755265625 0.9824071109375 0.4411407234375 0.9755576156249999
1 0.5345747015625 0.853954353125 0.5345747015625 0.8718225890625 0.5327896109375 0.8905842328125001 0.5363597859375 0.90398540625 0.54379765625 0.90636784375 0.5455827453125 0.8956469015625 0.5452852234375001 0.8739072234374999 0.5455827453125 0.8593148265625 0.54379765625 0.8521675312499999 0.5345747015625 0.853954353125
1 0.5637311421875 0.855425634375 0.5649211828125 0.8262408484374999 0.5604584640625 0.8253474375 0.552425571875 0.8313035171875001 0.5521280765625 0.8676355984375 0.5539131609375 0.8732938656250001 0.5634336156249999 0.8744850765625 0.5637311421875 0.855425634375
1 0.5554007234375 0.7430842453125 0.5536156390625 0.7234291875000001 0.5470703078125 0.7255138078125001 0.5432026390625 0.7359369515624999 0.5372523296875 0.734447928125 0.531599571875 0.7332567140624999 0.520294 0.7409996078125001 0.51583128125 0.7487425140624999 0.5122611078125 0.768099771875 0.520294 0.7752470625 0.5304095046875 0.7752470625 0.5357647671875 0.7815009468749999 0.5485579015625001 0.7823943578125 0.5559957453125 0.7776294859374999 0.5554007234375 0.7430842453125
1 0.5072033703125001 0.738021571875 0.5119636109375 0.7442754546875 0.5194014546875 0.7359369515624999 0.5199965046874999 0.7207489515625001 0.5196989828125 0.7106236109374999 0.5137487015625 0.701391696875 0.5077983921875 0.7085389859375 0.5057158078125 0.726705021875 0.5072033703125001 0.738021571875
1 0.562244490625 0 0.5699798890625 0.011683396875 0.5777152546875 0.01555484375 0.5839630625 0.025084571875 0.5884257765625 0.030147240625 0.5925909734375 0.02865821875 0.592293478125 0.0179372765625 0.5911034109375 0.0110877859375 0.589318321875 0.0057273125 0.585450625 0.00066465625 0.5806904109375 0 0.562244490625 0
1 0.551305478125 0.2944884734375 0.5564213921875 0.28621628593750004 0.5572084421875 0.2791258390625 0.556814896875 0.2688840796875 0.5564213921875 0.2704597453125 0.551305478125 0.2688840796875 0.54737015625 0.278338009375 0.54737015625 0.2877919375 0.551305478125 0.2944884734375
1 0.52175675 0.6796591421875 0.5249847640625 0.68894875 0.5350723609375 0.68894875 0.5341936421875 0.6377285796875001 0.530230321875 0.6332111390625 0.5249847640625 0.637654 0.5225637453124999 0.663907209375 0.52175675 0.6796591421875