1 0.43719753125 0.0516452234375 0.4420282015625 0.0661514109375 0.455830040625 0.071677584375 0.455830040625 0.035066728125 0.4518245140625 0 0.43305697343749994 0.008126673437499999 0.43374708437500004 0.0191789953125 0.43719753125 0.0516452234375
1 0.46789064218750004 0 0.47468096875 0.1106738171875 0.4905250171875 0.0789544953125 0.4905250171875 0.037039740625 0.46789064218750004 0
1 0.5139197328125 0.3166335578125 0.511903446875 0.295441759375 0.513247646875 0.2779501078125 0.513247646875 0.2695406515625 0.508542990625 0.26617687968750003 0.5008870625 0.2699411515625 0.4991336421875 0.29275071874999997 0.4984615578125 0.31629717031250004 0.5055185578125 0.32235196875 0.5139197328125 0.3166335578125
1 0.49362568749999997 0.16724012500000002 0.49609853125000003 0.1408372640625 0.4907407328125 0.1317612765625 0.47837653125 0.1367118125 0.47837653125 0.152801071875 0.476315803125 0.176728665625 0.47549153593750004 0.18910500937500002 0.47549153593750004 0.201481353125 0.47590369218750006 0.21922077187500003 0.477552228125 0.22829676718749997 0.48167363906249994 0.23737275000000002 0.48579505312500004 0.2530494546875 0.4940378390625 0.257174896875 0.5022806296875 0.244798553125 0.5035170484375 0.2353100171875 0.5092870359375 0.23118457656250002 0.5109355718749999 0.22582149999999998 0.5105234546874999 0.2113824234375 0.5088748843750001 0.2006562546875 0.510111303125 0.1936430046875 0.5154691390624999 0.20106881250000003 0.517941978125 0.1994186203125 0.5187662453125 0.1924053703125 0.5158812546875 0.182916834375 0.5171176734375 0.1787913921875 0.51629340625 0.1792039328125 0.5055777765625 0.1895175453125 0.5002199421875 0.1919928125 0.4907407328125 0.1816792015625 0.49362568749999997 0.16724012500000002
1 0.4562432671875 0.284425396875 0.46676205312499996 0.2899188578125 0.4749941609375 0.288087709375 0.476366178125 0.262909365625 0.4608166734375 0.26199378125 0.4539565890625 0.267945021875 0.4562432671875 0.284425396875
1 0.5245152453124999 0.3679097046875 0.528164571875 0.3766766515625 0.5299892140625 0.387635334375 0.5307190671875001 0.3953064328125 0.5394774109375 0.419780803125 0.5408302015625 0.42500381249999997 0.539842353125 0.39968990625 0.539842353125 0.37448491562499997 0.542761790625 0.33978240625 0.5405722046875 0.295217103125 0.5361930312500001 0.2853542859375 0.526704834375 0.3098286734375 0.5270697765625 0.3248055484375 0.5259749828125 0.34124357656250004 0.5234204546875 0.34891465625 0.5215958078125 0.35804688906250004 0.5245152453124999 0.3679097046875
1 0.47305044687500003 0.518105228125 0.47305044687500003 0.5363345171875 0.47456806250000005 0.5525383609375 0.47456806250000005 0.5545638078125 0.4695093703125 0.559121134375 0.457874271875 0.5651975625000001 0.454839040625 0.568742165625 0.4568625453125 0.5869714546875 0.4568625453125 0.601656146875 0.4568625453125 0.6092516875 0.45433319687499996 0.6102644546875 0.4462392234375 0.6092516875 0.4416863703125 0.6052007453125 0.43763940625000003 0.605707134375 0.43763940625000003 0.6239364234375 0.4381452453125 0.646723040625 0.4381452453125 0.6562961656249999 0.445733334375 0.675538228125 0.45281557968749997 0.6770573343749999 0.4705210984375 0.6573089328124999 0.45838016093749995 0.6416114734375 0.4523096921875 0.6304713343749999 0.46697997812500003 0.6213566875 0.47254460781249996 0.617812134375 0.4786150765625 0.60565925 0.47659157187499995 0.59198728125 0.473556334375 0.58034078125 0.47406222343750004 0.5651497046875 0.48519138437500003 0.555528696875 0.495814709375 0.5459076921875 0.5089674234375 0.560592384375 0.5079556468749999 0.5783153125 0.5069439203125 0.5950254953125 0.5069439203125 0.60363378125 0.5160496203125 0.6061656109375 0.5195907453124999 0.5924936421875 0.517567240625 0.5773025671875 0.5195907453124999 0.560086021875 0.517567240625 0.544388584375 0.5114967671875 0.539831259375 0.5023910671875 0.5337548296875 0.49429708906250003 0.5200828609375 0.49783821406250006 0.4998280765625 0.5028969546875001 0.4937516421875 0.5059321875 0.48970070468750004 0.5059321875 0.47501599062500005 0.5013793343749999 0.45982491562499994 0.5054262984375 0.4446338390625 0.5059321875 0.4238726921875 0.49075601406249997 0.41779625937500003 0.48721489218749997 0.436025553125 0.48721489218749997 0.454761228125 0.48215615156249997 0.45987277187500003 0.4811444234375 0.483672134375 0.4811444234375 0.5049396421875 0.4801326921875 0.5089905796874999 0.47305044687500003 0.518105228125
1 0.5023910671875 0.45379634375 0.5054262984375 0.46645556250000003 0.5089674234375 0.4786084234375 0.5109908843750001 0.48772307187499997 0.510485040625 0.5069651109375 0.514026115625 0.52013071875 0.518073125 0.5277262546875 0.523637709375 0.531270834375 0.529202290625 0.531777196875 0.5302140671875 0.5419046109375001 0.5312257953125 0.555070196875 0.5347669203125001 0.559121134375 0.5398256109374999 0.5545638078125 0.539319771875 0.5186116109375 0.5378021515625 0.4937995046875 0.5367903796875 0.48063392031249996 0.5312257953125 0.471519271875 0.526167053125 0.4649364546875 0.5293284640625 0.45873447812499996 0.517061353125 0.4593664109375 0.5114967671875 0.446707165625 0.5059321875 0.43607341093749996 0.5023910671875 0.45379634375
1 0.454839040625 0.3601180265625 0.454839040625 0.3788537046875 0.454839040625 0.392019290625 0.45433319687499996 0.40619764218750004 0.45281557968749997 0.416831396875 0.45180380312499996 0.4315160890625 0.46090950937499997 0.4340479421875 0.46596825 0.4279715140625 0.48063853593749994 0.4203759734375 0.49277947343750006 0.3975893578125 0.48519138437500003 0.3910065671875 0.46748586562499994 0.3854364953125 0.46596825 0.3606244109375 0.46343890156249995 0.3510033796875 0.45635665625 0.3499906609375 0.454839040625 0.3601180265625
1 0.501885178125 0.37125816562499997 0.501885178125 0.36366262968749996 0.4921337765625 0.364609146875 0.4932853609375 0.377840959375 0.4973323265625 0.38290464218750003 0.501885178125 0.37936006718750004 0.501885178125 0.37125816562499997
1 0.5135202765625 0.3510033796875 0.5054262984375 0.3520161296875 0.505038053125 0.35398209375 0.5094732640624999 0.37024542031249996 0.5155437328125 0.373283634375 0.5155437328125 0.3621435171875 0.5135202765625 0.3510033796875
1 0.459448490625 0.45235309375000005 0.459904021875 0.46512008437499996 0.45671539218749996 0.4769751609375 0.460359553125 0.4856384734375 0.46628124531250004 0.4856384734375 0.470836428125 0.4801669015625 0.469469875 0.470135696875 0.46764779531249995 0.44505767343749997 0.461726103125 0.4414099546875 0.460359553125 0.44551363437499997 0.459448490625 0.45235309375000005
1 0.4580819421875 0.5171 0.45717092031249995 0.5357945359375 0.462637125 0.5412661078125 0.46810332656250003 0.5385303218749999 0.46628124531250004 0.5098045796874999 0.4677522859375 0.4950929109375 0.4558043703125 0.495669696875 0.4558043703125 0.5015972234375 0.4580819421875 0.5171
1 0.483135384375 0.707064678125 0.4767581609375 0.7170959015625 0.4753916078125 0.7344225265625 0.4749360796875 0.7371583125 0.470836428125 0.748557428125 0.470836428125 0.7964336656250001 0.4758470984375 0.803729084375 0.47949125937500003 0.7886822671875 0.48723503125 0.7886822671875 0.495889865625 0.7987134734375 0.4968008890625 0.8110245046875001 0.4876905625 0.8169520531250001 0.47949125937500003 0.8228795796874999 0.4767581609375 0.8324548484375001 0.48085781250000004 0.8433979859375 0.4840464015625 0.8484135796875 0.490423665625 0.8475016656250001 0.4999895171875 0.8324548484375001 0.5113774109375 0.8205997500000001 0.5150215765625 0.8028171515625001 0.5113774109375 0.7886822671875 0.505911209375 0.7736354515625 0.5050001921875 0.754940915625 0.5036336390625 0.7426298796874999 0.500900540625 0.7344225265625 0.49406778593749995 0.7221114953125001 0.49133468281250003 0.712080290625 0.49597487500000004 0.6698973171875 0.49822128593750004 0.6425391609375 0.4909918078125 0.605138875 0.49133468281250003 0.63821409375 0.4845019328125 0.6651159859375 0.4813132984375 0.6879141828125 0.483135384375 0.707064678125
1 0.5180645625 0.7710850265625 0.5210597984375 0.798443196875 0.5330406390625 0.80031703125 0.5349126390625 0.8183059593750001 0.541651865625 0.8325472140624999 0.5465190984375 0.85465859375 0.5468935140625 0.8010665765624999 0.548765509375 0.7748327328125 0.544647103125 0.7620905625 0.5438982765625 0.7197416421875 0.5364102546875 0.6620271609375 0.5349126390625 0.7283613265625 0.526675821875 0.7298604156249999 0.526675821875 0.7699607187499999 0.5180645625 0.7710850265625
1 0.5161925671875001 0.7156191734374999 0.5083301296875 0.71636871875 0.5090789234375 0.7485988703124999 0.5109509546875 0.7549699515625 0.5176901828125 0.7508474859375001 0.5161925671875001 0.7156191734374999
1 0.544647103125 1 0.5450214828125 0.974513915625 0.5472678890625 0.9617717859375 0.5502631250000001 0.952777321875 0.5502631250000001 0.933664084375 0.5502631250000001 0.917923759375 0.5502631250000001 0.9074302234375 0.5502631250000001 0.8924394421875 0.5513863296875 0.880446834375 0.5521351250000001 0.8714523703125 0.5513863296875 0.8590849828125 0.5498887140625001 0.8549625140625 0.5440094156249999 0.854122884375 0.53828225 0.8673299015625 0.5364102546875 0.886068375 0.5356614640624999 0.894313290625 0.530794228125 0.90030959375 0.5289222328125 0.9123022187500001 0.5289222328125 0.9254191515624999 0.5289222328125 0.9366622281250001 0.52817340625 0.948654834375 0.527424615625 0.9610222234375 0.523306209375 0.9715157718749999 0.5161925671875001 0.9842579421875 0.5169413578125 0.9977496390624999 0.5188133890625 1 0.544647103125 1
1 0.45142109374999995 0.9123022187500001 0.4540418796875 0.9227957546875001 0.4574114953125 0.9329145265625 0.4626531421875 0.9407846781250001 0.47238757187499997 0.9437828578125 0.47613160312499997 0.9340388296875 0.47650598281249995 0.9171742140625 0.47425957187499995 0.9096788390625001 0.45965790625 0.8950628343749999 0.4555395 0.8958123609375 0.4506722671875 0.9021834468750001 0.45142109374999995 0.9123022187500001
1 0.45142109374999995 0.7519009515625 0.4532930890625 0.7642683390625 0.4532930890625 0.7758861968749999 0.45216988437500005 0.78975265625 0.45516508437500003 0.7968732671875001 0.46078111093749996 0.7968732671875001 0.46152993750000004 0.7863797328125 0.46311025 0.7867069156250001 0.4645251390625 0.765017884375 0.4626531421875 0.7519009515625 0.45666270468750003 0.749277571875 0.45142109374999995 0.7519009515625
1 0.4577859109375 0.85458775 0.458615853125 0.8237857015625 0.44992347343750005 0.8212332765625 0.451046678125 0.8542129734374999 0.4577859109375 0.85458775