1 0.450850375 0 0.4499909546875 0.026695853125000002 0.4474126703125 0.0499230140625 0.4452641078125 0.08992534375 0.44225609375 0.1114319828125 0.4409669515625 0.138530334375 0.4465532546875 0.1411111296875 0.457725821875 0.13637966562499998 0.45987437968749995 0.11573329843749999 0.466320103125 0.107990915625 0.4671795578125 0.09078561562500001 0.45686640624999997 0.08390349999999999 0.45815554843750006 0.04734221875 0.46073383437500004 0.0340081109375 0.46932811562500004 0.0232547953125 0.4749144203125 0 0.450850375 0
1 0.5458173390625001 0.0802381515625 0.5475361734375 0.07272004843749999 0.5458173390625001 0.0475480796875 0.538512165625 0.0380851609375 0.5333555890625 0.0499230140625 0.5337853171875 0.06669818281249999 0.5342150453125 0.0796021609375 0.53765275 0.0856240265625 0.5458173390625001 0.0802381515625
1 0.50799971875 0.0873037015625 0.50799971875 0.13031697343749998 0.510578009375 0.128596428125 0.5183128703125 0.1204239203125 0.5187425984375 0.0817119828125 0.5127265671875 0.078270915625 0.50799971875 0.0873037015625
1 0.538512165625 0.095947209375 0.535074459375 0.0722899203125 0.528628740625 0.0714296515625 0.5277693265625001 0.1006786734375 0.530239228125 0.1195026421875 0.537223021875 0.118744240625 0.538512165625 0.1144429015625 0.538512165625 0.095947209375
1 0.47920203125 0.27329480781250004 0.48178031718750003 0.2659825484375 0.4839289203125 0.2466265796875 0.47877234375000005 0.2388841921875 0.47920203125 0.227700759375 0.48564774999999993 0.22555008906250001 0.4852180625 0.192429875 0.48135062968750003 0.188558678125 0.4834991921875 0.16963285781249998 0.4809209015625 0.1541480765625 0.4736157671875 0.15887953125 0.47060775 0.180386165625 0.47060775 0.1971613390625 0.4667403171875 0.20189280312500002 0.464591759375 0.22038850000000001 0.463732303125 0.2397444640625 0.46545117343750003 0.2513580453125 0.47189689218749997 0.2586703078125 0.47275631249999994 0.2702838890625 0.47920203125 0.27329480781250004
1 0.48995215625000005 0.12965535781249998 0.48954186093749996 0.14731457187500002 0.490811571875 0.176969928125 0.5011247234375 0.176109678125 0.5015544515625 0.1438497328125 0.5019841781250001 0.1201924234375 0.49553845937499996 0.11675136562499999 0.48995215625000005 0.12965535781249998
1 0.45255973593750004 0.20619412499999998 0.44783288906249996 0.1919997453125 0.443535728125 0.188558678125 0.44310600000000006 0.253078571875 0.4534191515625 0.23802394218749998 0.455138021875 0.22425969218750003 0.45556775 0.216517303125 0.45255973593750004 0.20619412499999998
1 0.44526275000000004 0.4070195984375 0.4426844640625 0.437989146875 0.4504193265625 0.4341179515625 0.45686504531249994 0.42379476718750003 0.45686504531249994 0.3988470671875 0.45729473593750003 0.3657268703125 0.451278740625 0.34723115625 0.44125704531250004 0.356143665625 0.4422547359375 0.373899384375 0.44526275000000004 0.3855129640625 0.44526275000000004 0.4070195984375
1 0.46331076718749997 0.3154013578125 0.46374045468749997 0.34465035781250003 0.4641701828125 0.35626393749999996 0.46717819687500006 0.36228580312499997 0.47233477187500006 0.3420695625 0.46889703125000004 0.3188424015625 0.46331076718749997 0.3154013578125
1 0.4938204953125 0.3953892015625 0.4886639203125 0.381194821875 0.48393707187499996 0.387216665625 0.4826479234375 0.40313158437499996 0.48350734375000004 0.4194766109375 0.489523334375 0.4250683484375 0.4938204953125 0.4181862140625 0.4938204953125 0.3953892015625
1 0.513587384375 0.3569039328125 0.5080010765625 0.3556135359375 0.5075713484375 0.3771201703125 0.5101496390625 0.3797009640625 0.5153062140625 0.3715284546875 0.513587384375 0.3569039328125
1 0.511868509375 0.33668771406250003 0.5160536609374999 0.342602896875 0.5200331031250001 0.3298055765625 0.5144467984375 0.325504259375 0.511868509375 0.33668771406250003
1 0.446428571875 0.6205357140625 0.45535714218749995 0.6294642859375 0.459821428125 0.6294642859375 0.46875 0.625 0.46739372343749996 0.603888959375 0.46782345156250005 0.581522071875 0.4708314234375 0.5737796875 0.4708314234375 0.56904821875 0.47126115156250004 0.5638866296875 0.46875 0.5580357140625 0.46875 0.5401785718750001 0.4652451609375 0.5286157640625 0.446428571875 0.5357142859375 0.44196428593750003 0.5401785718750001 0.44196428593750003 0.6071428578125 0.446428571875 0.6071428578125 0.446428571875 0.6205357140625
1 0.442470259375 0.5286157640625 0.44719714687499995 0.5290458890624999 0.448486290625 0.4903339546875 0.45407255312499994 0.4830217140625 0.455361696875 0.46151507656249996 0.4523537234375 0.4542028171875 0.4480565625 0.45506308906250004 0.44204057187499995 0.4683971921875 0.43946228125 0.4817313171875 0.440321696875 0.5230240453125 0.442470259375 0.5286157640625
1 0.5267857140625 0.2232142859375 0.5267857140625 0.1875 0.5178571421875 0.18303571406250002 0.5133928578125 0.19196428593749998 0.5133928578125 0.2232142859375 0.5223214281249999 0.22767857187499999 0.5267857140625 0.2232142859375
1 0.469297884375 0.498897821875 0.475207259375 0.497476196875 0.475207259375 0.4620354953125 0.4686318390625 0.46355438437499996 0.469297884375 0.498897821875
1 0.49769753124999994 0.5109553265625 0.5022685265625 0.5057262328125 0.5022685265625 0.48825759843750005 0.5016155359375001 0.4769662546875 0.5042275265625 0.4661812671875 0.5022685265625 0.46095218750000005 0.5016155359375001 0.425329053125 0.49475902656250004 0.425329053125 0.494106040625 0.46846900468749997 0.49018803593750004 0.4733712671875 0.48920853593749997 0.5125894062499999 0.4898615265625 0.518472125 0.4944325171875 0.5181452984375 0.49769753124999994 0.5109553265625
1 0.4721724375 0.43195662500000004 0.4741956703125 0.4522084515625 0.47925372343749995 0.44967696406249996 0.480771134375 0.43195662500000004 0.4767246734375 0.421324415625 0.4721724375 0.43195662500000004
1 0.5192548078125 0.43494613437499996 0.5153368031250001 0.433638865625 0.511092290625 0.46337928125000005 0.5133928578125 0.48214285781250005 0.5208872984374999 0.474491084375 0.5189282953125 0.45618929531249997 0.5192548078125 0.43494613437499996
1 0.5205608171875 0.41925887968750003 0.5229105265625 0.4445229515625 0.527417321875 0.4431165765625 0.526764303125 0.4186052359375 0.5205608171875 0.41925887968750003
1 0.45815186093750004 0.7579852359375 0.46819564687500004 0.753676571875 0.474293646875 0.727824603125 0.4753697640625 0.689764740625 0.476445884375 0.6621175046875 0.479315553125 0.6441647359375 0.47321428593750003 0.6383928578125 0.46428571406249997 0.6383928578125 0.463529053125 0.6517075718750001 0.46209425 0.6635563921875 0.4617355359375 0.7026934015624999 0.4606628171875 0.7303379828125001 0.45815186093750004 0.7579852359375
1 0.4511314421875 0.8579700578124999 0.4517264640625 0.9118576203125001 0.4472637453125 0.9545711703125 0.45946183906250004 0.96171846875 0.46422208437499995 1 0.4704698921875 0.9959659515625001 0.47106491562499997 0.9643987046875001 0.474040071875 0.930449040625 0.475527634375 0.9197280890625 0.47701522812499997 0.89054328125 0.47939533437500004 0.8738662500000001 0.4832630359375 0.854211178125 0.4868332140625 0.8032051609374999 0.4918909546875 0.7835190359374999 0.4924860046875 0.762703803125 0.4832630359375 0.762405990625 0.47969286093749997 0.7680642765625 0.48028787968750003 0.788017146875 0.4704698921875 0.8011205359375 0.46213947343750006 0.8371237718750001 0.4511314421875 0.8579700578124999
1 0.4413134546875 0.893521321875 0.44071841093749997 0.9057312953125001 0.44577617812500003 0.9113895671875 0.4478587640625 0.8950103437499999 0.4472637453125 0.8816091609375001 0.442206 0.8816091609375001 0.4413134546875 0.893521321875
1 0.471338896875 0.5948494281250001 0.471041375 0.6139088890625 0.4769916828125 0.6174825359375 0.47788422812500003 0.6168869234375001 0.4796693125 0.6002099015625 0.479371790625 0.5853197140625 0.4731239859375 0.5811504546874999 0.471338896875 0.5948494281250001
1 0.48431173281250006 0.5412401609375 0.49054911093750003 0.5512669156250001 0.49240460781250006 0.5366834953125 0.48684078125 0.5336457234374999 0.48431173281250006 0.5412401609375