1 0.5467913296875 0.3801948171875 0.5446330406250001 0.346348375 0.5460718796874999 0.3326657859375 0.5347244859375 0.34041008437500003 0.533122134375 0.3679524828125 0.5381581703125 0.39459753124999997 0.5503884593749999 0.398198228125 0.5467913296875 0.3801948171875
1 0.5282320765625 0.1440815671875 0.5182405140624999 0.143009990625 0.5160994640625 0.1701565453125 0.5171699859375 0.18551577187499999 0.516813134375 0.1983746703125 0.5190292671875001 0.21221657968750002 0.5282320765625 0.21301952656249998 0.5275183703125 0.183372625 0.5275183703125 0.1537257359375 0.5282320765625 0.1440815671875
1 0.45060239218750003 0.0009686031249999999 0.439540303125 0 0.4377561109375 0.002040178125 0.43989715625 0.012398740625 0.43811292812499997 0.014899076562499999 0.43918055312500004 0.015700571875 0.43882663437499997 0.026329209375000003 0.4413245 0.0431172015625 0.44560659375 0.0463319234375 0.450959209375 0.026686396875 0.45060239218750003 0.0009686031249999999
1 0.5173316609375 0.040974053125 0.52411165625 0.040974053125 0.5305347953124999 0.0388309015625 0.53124846875 0.032758656250000004 0.5316053171874999 0.026686396875 0.5333895140625 0.0188281875 0.532318990625 0.012398740625 0.530891646875 0.009184014062499999 0.5301779421874999 0.0006114203125 0.52411165625 0.0002542140625 0.5174229203125 0.0033911828125 0.5176885140625 0.014541889062499999 0.5173316609375 0.026329209375000003 0.516617990625 0.035258990625 0.5173316609375 0.040974053125
1 0.511265375 0.017399410937500002 0.51269275 0.0048977140625 0.510194853125 0 0.4992176296875 0.00232028125 0.49948961562500005 0.018113798437500002 0.49948961562500005 0.0245432453125 0.5094811781249999 0.027043579687500003 0.511265375 0.017399410937500002
1 0.43989715625 0.0724069203125 0.43989715625 0.078479165625 0.440253978125 0.08705176406250001 0.4406108296875 0.09419561562499999 0.440253978125 0.1009822328125 0.4406108296875 0.10955482968750001 0.4463202984375 0.11491270468749999 0.44774763906250004 0.113483959375 0.450959209375 0.10598293750000001 0.451672915625 0.102411009375 0.45202973281250003 0.09205246406249999 0.4534571109375 0.08490861093749999 0.45452763437500004 0.07669321875 0.4527434375 0.06883499062500001 0.449531865625 0.06133396875 0.44846134375 0.0556189109375 0.4381763578125 0.053723454687500005 0.43846978124999997 0.063834321875 0.4377561109375 0.0681206203125 0.43989715625 0.0724069203125
1 0.5555136875 0.0506182234375 0.5544431609375 0.0295439328125 0.5547999828125 0 0.5419537015625 0.0016829906249999998 0.54124003125 0.002040178125 0.5430242234375 0.040259678125 0.543737928125 0.0706209546875 0.556584209375 0.07097814218750001 0.5555136875 0.0506182234375
1 0.4341876875 0.179854053125 0.439540303125 0.1762821421875 0.44417925 0.164494821875 0.443108728125 0.1477068125 0.43496366093749994 0.1447499109375 0.42705087500000005 0.16163728593749999 0.42883507187500003 0.174496178125 0.4341876875 0.179854053125
1 0.47272653125 0.329773228125 0.4705854828125 0.33727425 0.468087584375 0.3469184421875 0.468087584375 0.358705759375 0.468087584375 0.374064978125 0.473083384375 0.3901385984375 0.47558125 0.3919245765625 0.47558125 0.37477937968749997 0.4820043890625 0.3683499328125 0.4820043890625 0.3576341875 0.48307491562499993 0.3483471828125 0.490925428125 0.3487043890625 0.4919959515625 0.336202678125 0.493780146875 0.3244153578125 0.4919959515625 0.2983403796875 0.493066478125 0.2801236078125 0.493066478125 0.2686934734375 0.48164757187499996 0.26440717343750003 0.47986334375000006 0.2647643609375 0.48057704843750004 0.2858386703125 0.477365478125 0.3040554375 0.4748675765625 0.31834309375 0.47272653125 0.329773228125
1 0.4420382046875 0.4200751703125 0.4498886875 0.4179320171875 0.45809605312499996 0.41507449531249996 0.46166444687499997 0.40757347343749994 0.46059392031249996 0.3947145796875 0.45595500937500005 0.3807841078125 0.450959209375 0.36542486093750004 0.4349013609375 0.3618529515625 0.43347401718749995 0.3625673390625 0.43704240624999996 0.41614607187499997 0.4420382046875 0.4200751703125
1 0.5069832812499999 0.39078546875 0.5080538031249999 0.39971524999999997 0.515190615625 0.40078682656250003 0.5173316609375 0.3811412953125 0.513763271875 0.367568009375 0.5094811781249999 0.3604241921875 0.5051990843749999 0.3500656296875 0.49984646875000005 0.3514943890625 0.500203290625 0.3668536390625 0.5051990843749999 0.3754262359375 0.5076969515624999 0.382570053125 0.5069832812499999 0.39078546875
1 0.4820043890625 0.42036484375 0.47772229531250004 0.42572272812499995 0.479506521875 0.44322510781249996 0.492352803125 0.4492973703125 0.492709625 0.46037030312500005 0.493780146875 0.4953750796875 0.4820043890625 0.49858980312499995 0.47986334375000006 0.5085911609375 0.47986334375000006 0.5185925171875 0.48057704843750004 0.531451415625 0.48057704843750004 0.5403812140625 0.48164757187499996 0.5510969593749999 0.48093386562499996 0.561812709375 0.477365478125 0.56824215625 0.47914967031250005 0.5800294781249999 0.4820043890625 0.5878877015625 0.48022019687500006 0.5932455765625 0.48271809374999997 0.6028897453125001 0.494137 0.605032896875 0.5009169906250001 0.603246915625 0.501630665625 0.5339517671875 0.4919959515625 0.5282366921875 0.4891412359375 0.516806571875 0.4919959515625 0.5085911609375 0.5005601390625001 0.5089483484375 0.5027011875 0.4457254421875 0.49841909375000004 0.4367956609375 0.4962780453125 0.4178645 0.49761128125000004 0.39855308906250003 0.48807070937499997 0.398933353125 0.4891412359375 0.4171501203125 0.4820043890625 0.42036484375
1 0.445963446875 0.731377428125 0.44524977187500003 0.7156609781250001 0.451672915625 0.7085171609375001 0.45595500937500005 0.7006589328125 0.45595500937500005 0.6792274421875 0.45595500937500005 0.6474374015625 0.45417078125000004 0.6277918578125 0.44460175468749996 0.6255837765625001 0.43811292812499997 0.6260059109375 0.4406108296875 0.7324490046875 0.445963446875 0.731377428125
1 0.5076969515624999 0.72459078125 0.5073401343749999 0.7042308609375 0.5073401343749999 0.687085665625 0.5080538031249999 0.6670829328125001 0.5066264281249999 0.6592247234374999 0.49761128125000004 0.6619943609375001 0.49770542031250004 0.6856568890625 0.496634896875 0.7099459203125 0.500203290625 0.7235192046875001 0.5076969515624999 0.72459078125
1 0.493066478125 0.7409540671875 0.494137 0.7202369640625 0.48022019687500006 0.7173794234375 0.47986334375000006 0.7527413890625 0.48592966562499995 0.7630999515625 0.493066478125 0.7605995984375 0.493066478125 0.7409540671875
1 0.46150696875 0.876838009375 0.4627871296875 0.8678679109375 0.464707396875 0.8448020406250001 0.46086685781250003 0.8127661296875001 0.44486458906250004 0.791622415625 0.4442245359375 0.878760165625 0.45062539687500003 0.8806823218750001 0.46150696875 0.876838009375
1 0.47750917812499993 0.8473649328124999 0.46982809843749995 0.865305071875 0.47430874999999995 0.878760165625 0.48134971875000004 0.8685086468750001 0.4999123703125 0.8621014421875 0.5037529109375 0.8531314015625 0.50695334375 0.8364727046875 0.50695334375 0.8114846828125 0.50695334375 0.7826523437499999 0.48839075000000004 0.7929038296875001 0.48070967031249995 0.777526584375 0.47814929062499995 0.8012331921875001 0.47558891093750005 0.8191733031249999 0.47750917812499993 0.8473649328124999
1 0.47814929062499995 0.9787122671875 0.48775063906250005 0.9787122671875 0.48967091093750004 0.9710236421875 0.4890307984375 0.9447541421875 0.48967091093750004 0.9159218031249999 0.48839075000000004 0.9031074515625 0.47750917812499993 0.8960595671875 0.46999112031249995 0.9118084234375001 0.47558891093750005 0.9370655171875001 0.4730285890625 0.959490709375 0.47814929062499995 0.9787122671875
1 0.4711083171875 0.96846075 0.47366863906249995 0.9550056609375 0.47238847812499996 0.9325805265625 0.4691880484375 0.918484696875 0.456544509375 0.9146898390624999 0.457666428125 0.9377062593750001 0.456386209375 0.9582092328125 0.45702631718750003 0.9735864781249999 0.4711083171875 0.96846075
1 0.5347429515625 0.9643052140625 0.5406647953125 0.9499800484375 0.5485606078124999 0.9430644109375 0.542145259375 0.8753903031249999 0.5288211078125 0.87687221875 0.5298081109375 0.9391126562500001 0.5214187984375 0.9524498921875001 0.5248732234375 0.9702328703124999 0.5347429515625 0.9643052140625
1 0.5703222546875 0.933861946875 0.567761875 0.91720328125 0.5575204734375 0.9152811249999999 0.5562402546875 0.9453948796875 0.5575204734375 0.9601313890625001 0.56904209375 0.957568553125 0.5703222546875 0.933861946875
1 0.5200387953125001 0.505302053125 0.5222812046875001 0.43302250000000003 0.5106239015625 0.430765803125 0.510195978125 0.505302053125 0.5200387953125001 0.505302053125
1 0.497105740625 0.9356183031249999 0.4923454953125 0.9356183031249999 0.49145295468750005 0.9442547015624999 0.49145295468750005 0.9603362640625001 0.4944281078125 0.9674836203125 0.494725603125 0.9639099421875 0.5042460890625 0.9564647640624999 0.5072212140625 0.9463393437500001 0.5063286703125 0.9400854015625001 0.497105740625 0.9356183031249999
1 0.5122799203125 0.8798507593749999 0.5125774203125 0.872703396875 0.507519678125 0.8670450765625001 0.49829671875 0.8735968171874999 0.5000818078125 0.8837222406249999 0.5030569593750001 0.8911674156249999 0.510494834375 0.89146521875 0.5122799203125 0.8798507593749999