1 0.06461126406249999 0.3468901078125 0.07441696406250001 0.3436247640625 0.07278266562499999 0.3354612640625 0.041731290625 0.33301221875000003 0.041731290625 0.34607380781249997 0.06461126406249999 0.3468901078125
1 0.0131313390625 0.46036245937500003 0.061342709375000005 0.46036245937500003 0.076051259375 0.45791342031250004 0.0785026828125 0.44811724531249997 0.0686969828125 0.44811724531249997 0.0686969828125 0.43913744687499995 0.036011290625 0.44158649062500005 0.0278398890625 0.4489336203125 0.0041427671875 0.449749915625 0.0131313390625 0.46036245937500003
1 0.10219976718749998 0.45628075 0.1307997359375 0.4546480046875 0.1536796921875 0.452198959375 0.15694828593750001 0.44811724531249997 0.16103396875 0.44321916093749997 0.11772548281249999 0.44240278593750004 0.10628548593750001 0.4464845765625 0.10219976718749998 0.45628075
1 0.13651971875 0.49546543749999994 0.1412777640625 0.48426421875000003 0.100565509375 0.4832202234375 0.0989312140625 0.489750978125 0.0842226609375 0.49546543749999994 0.0923940671875 0.5044452359375 0.12181116562500001 0.510159696875 0.13651971875 0.49546543749999994
1 0.1153318796875 0.5640919859375 0.1145147140625 0.5477649828125 0.0973547359375 0.548581353125 0.0973547359375 0.5640919859375 0.1153318796875 0.5640919859375
1 0.15286256250000002 0.594243459375 0.0866740890625 0.5966925046875 0.0776855171875 0.6073050484375 0.09075980781250001 0.613019509375 0.1357025890625 0.6105704640625 0.1544968578125 0.6064886734375 0.15286256250000002 0.594243459375
1 0.229673865625 0.48240384843750006 0.2533709859375 0.48403652187499996 0.2566395453125 0.472607678125 0.231308165625 0.471791303125 0.229673865625 0.48240384843750006
1 0.28523951406250003 0.5191394953125 0.21006246874999998 0.5191394953125 0.20025676718750002 0.529752040625 0.1798282359375 0.529752040625 0.1768013609375 0.540612 0.17901110781250001 0.5395482140625 0.208428209375 0.5370991703125 0.243565290625 0.5338337546874999 0.272165259375 0.5313847093749999 0.28523951406250003 0.5191394953125
1 0.17410825937500002 0.3321958484375 0.1694516515625 0.3593191421875 0.2059767859375 0.358319021875 0.2059767859375 0.347706478125 0.24683384375 0.34525743750000004 0.24601671406249997 0.3313795484375 0.17410825937500002 0.3321958484375
1 0.1814625359375 0.5175068265625 0.21087963437499999 0.5158740796875 0.21496531718749998 0.49709810781249997 0.1792512671875 0.49528878593750003 0.1814625359375 0.5175068265625
1 0.3726736828125 0.4489336203125 0.3105708921875 0.44811724531249997 0.28704701718750003 0.46956479843750004 0.3408051609375 0.4677095890625 0.3408051609375 0.472607678125 0.38166221875 0.47587309375000003 0.4037250453125 0.45791342031250004 0.3726736828125 0.4489336203125
1 0.39555367812500003 0.5542424734375 0.39555367812500003 0.541997259375 0.3620508171875 0.541997259375 0.342470928125 0.557511040625 0.3743079421875 0.560773228125 0.37839370156249996 0.5542424734375 0.39555367812500003 0.5542424734375
1 0.433126928125 0.3428083921875 0.4895097046875 0.3411757234375 0.48869261093749994 0.328114134375 0.44211553593749997 0.32974680312500004 0.41841837968749995 0.3272977640625 0.433126928125 0.3428083921875
1 0.396355553125 0.359135321875 0.40044131250000004 0.347706478125 0.3881841875 0.347706478125 0.3881841875 0.358319021875 0.396355553125 0.359135321875
1 0.35876704843749996 0.42281044218749997 0.359584178125 0.4113815984375 0.3446197453125 0.4083172140625 0.3465099234375 0.42281044218749997 0.35876704843749996 0.42281044218749997
1 0.31055567812499996 0.3558699828125 0.31055567812499996 0.34525743750000004 0.2966642953125 0.3428083921875 0.295621678125 0.3544193390625 0.31055567812499996 0.3558699828125
1 0.3922698703125 0.339542978125 0.39962414218750003 0.3215833796875 0.3579499203125 0.3232160484375 0.362035603125 0.33627763437499997 0.3922698703125 0.339542978125
1 0.48787544687500006 0.430973946875 0.5009497359374999 0.430157571875 0.4993154015625 0.42117777187499994 0.48542401718750006 0.40974892812499997 0.42413839218750005 0.40811618281250006 0.42413839218750005 0.42281044218749997 0.447835478125 0.42281044218749997 0.447835478125 0.43587203125 0.4715326390625 0.43750470156250004 0.48787544687500006 0.430973946875
1 0.31954425 0.6113867640625 0.41678412031249995 0.6097540890625 0.414332696875 0.5819982453125 0.40207557187500004 0.5885290765625 0.3816470046875 0.594243459375 0.347327053125 0.5958762046875 0.3187271203125 0.5958762046875 0.31954425 0.6113867640625
1 0.041789129687499996 0.579602540625 0.041789129687499996 0.5934805 0.0824800796875 0.59205996875 0.0842804828125 0.5804189156249999 0.041789129687499996 0.579602540625
1 0 0.6718498796875 0.0336176875 0.6710335093750001 0.032257057812500003 0.6582073609375 0 0.65633925 0 0.6718498796875
1 0.10389188437500001 0.6579719203125001 0.061655901562500004 0.6582073609375 0.062217656249999996 0.6751152234375 0.091634759375 0.6865441390625 0.1365775359375 0.6800133078124999 0.1316746875 0.6636863796875 0.10389188437500001 0.6579719203125001
1 0.214774865625 0.6471827984375 0.2665030625 0.6440940359375 0.2844802046875 0.640012321875 0.25914879062499996 0.6269507328125 0.21584030312500002 0.6326651921875001 0.214774865625 0.6471827984375
1 0.4571405765625 0.5359137953124999 0.446517709375 0.5522407234375 0.5004490578125 0.550608053125 0.5069862046875 0.5359137953124999 0.4571405765625 0.5359137953124999
1 0.4865576734375 0.601221584375 0.510254759375 0.5963235 0.513523353125 0.580812865625 0.48247195468750004 0.5759147812500001 0.4744646296875 0.5883851156250001 0.4440662859375 0.5938744546875 0.42200345937500006 0.6004052140625 0.4391634328125 0.6159158437500001 0.48002053125 0.6134667984375 0.4865576734375 0.601221584375
1 0.5666375359375 0.47223867343750003 0.5666375359375 0.48203484375 0.6140317765625001 0.4836675171875 0.6209831703125 0.4624425 0.5927861203125 0.4624425 0.5919689515625 0.46978962968750004 0.5666375359375 0.47223867343750003
1 0.5617346828125 0.5350974203125001 0.5633690171875 0.522035834375 0.5372204328125 0.5228522046874999 0.536937165625 0.5357121921875 0.5617346828125 0.5350974203125001
1 0.6507438125 0.34163506250000003 0.6523780671875 0.33265525937499996 0.5821039109374999 0.32938984375 0.5822603796875 0.3409448703125 0.6507438125 0.34163506250000003
1 0.5919689515625 0.357949946875 0.5927861203125 0.34570472812499997 0.547026134375 0.34570472812499997 0.54673678125 0.355644290625 0.5919689515625 0.357949946875
1 0.6132146109375001 0.3930529203125 0.6107631875 0.382440375 0.594420375 0.382440375 0.593284946875 0.3923928390625 0.6132146109375001 0.3930529203125
1 0.7553379203125 0.4493929546875 0.7569722546875 0.43633137031249997 0.700589478125 0.43714774062500006 0.6548294953125 0.43714774062500006 0.646658125 0.44776028593749995 0.6564638265625 0.45674008437499997 0.6866980171875 0.457556459375 0.7046751609374999 0.4542910453125 0.7553379203125 0.4493929546875
1 0.7242865625 0.49265936093749996 0.7242865625 0.4738833890625 0.6883323531250001 0.474699759375 0.7046751609374999 0.4942921078125 0.7242865625 0.49265936093749996
1 0.6646351921875 0.5375585093749999 0.6670866203125 0.5293950093750001 0.6286809859375 0.5293950093750001 0.6294981515625 0.5220478796875 0.5935438703125 0.5155171203125 0.5927267406250001 0.5302113796875 0.609069584375 0.5351094640625 0.6123381390625 0.5408239234375001 0.633583834375 0.5391911781250001 0.6646351921875 0.5375585093749999
1 0.7564791828125 0.3563293171875 0.7597477765625 0.34734951718749996 0.727062084375 0.3481658171875 0.7206799234375 0.356869240625 0.7564791828125 0.3563293171875
1 0.7829982046875 0.45717061562500005 0.7836499906250001 0.46433325937500003 0.792774928125 0.46530998281249997 0.792449040625 0.47442604062499993 0.810698915625 0.475402759375 0.8155872765625001 0.46889128593749996 0.8475245796875001 0.4692168703125 0.856323634375 0.461077509375 0.8973858890624999 0.4601007859375 0.9162875359375 0.456193896875 0.91856878125 0.4467522546875 0.849154040625 0.445124365625 0.8488281390625 0.4360083078125 0.8152613921875 0.4360083078125 0.8152613921875 0.44610108437499996 0.8064623390625 0.4467522546875 0.8064623390625 0.45131028124999994 0.789516021875 0.45196142031250003 0.7829982046875 0.45717061562500005
1 0.8028775359375 0.40866007968750007 0.7979891734375 0.4220086078125 0.8670780312499999 0.42135746875 0.8677970765625 0.40906477656250007 0.8028775359375 0.40866007968750007
1 0.936166884375 0.40312529843749995 0.9371445578125 0.3969394109375 0.953764990625 0.3975905484375 0.9553944328125 0.37935840625 0.9306267546875 0.3783816828125 0.9312785218749999 0.3842420171875 0.8758770796875 0.38489315625 0.8780562640625 0.402713853125 0.8768547546875001 0.401171853125 0.8765288703125 0.40345088437500004 0.879787771875 0.4021485765625 0.879787771875 0.40279974531249996 0.936166884375 0.40312529843749995
1 0.9722958578125 0.36633028125 0.975228875 0.35981880781250003 0.9934787500000001 0.360469946875 0.9951082281250001 0.3484236921875 0.9856573703124999 0.3451679734375 0.9853315 0.33865646875 0.9579566609375 0.3399587765625 0.957675678125 0.3481032859375 0.8817431156250001 0.3477777015625 0.8817431156250001 0.357870509375 0.8966891828125 0.3640512546875 0.9005998703125 0.3699115890625 0.9283006031250001 0.37023717343749996 0.9335148484375001 0.3647024203125 0.9722958578125 0.36633028125
1 1 0.4598721875 0.9341666343749999 0.46074677656249996 0.9335148484375001 0.47669992031249997 0.9452633171875 0.4788269515625 0.9354865765625 0.48371056250000005 0.9595861156250001 0.48093239218750006 0.9999965890625001 0.4793045046875 1 0.46074677656249996 1 0.4598721875
1 0.9100670937500001 0.5074774859375 0.9341830171875 0.5048729015625 0.935703134375 0.482344696875 0.9100670937500001 0.48305942343749997 0.9087635359374999 0.48924534375000006 0.8918172046875 0.4898964828125 0.8944243343749999 0.5045473171875 0.9100670937500001 0.5074774859375
1 0.9905621203124999 0.5442673578125 0.9889326734375 0.51919815625 0.91528134375 0.5198492953125 0.9028975046875001 0.522128321875 0.9028975046875001 0.5358024375 0.9726381421875001 0.536128021875 0.97198634375 0.542639521875 0.9905621203124999 0.5442673578125
1 0.8839958265625001 0.5664064203125 0.8765003484375 0.567057584375 0.8761744468750001 0.5722667546875 0.87975925 0.57454575 0.9273393125 0.5755224734375 0.929840740625 0.5507392859375 0.8963796828125 0.5524067500000001 0.8973573531250001 0.5628250796875001 0.8885583031250001 0.563150696875 0.8885583031250001 0.565429696875 0.8839958265625001 0.5664064203125
1 0.7996441203125 0.5885454828125 0.7980146609375 0.598638259375 0.8260412765625 0.599289428125 0.8286484062499999 0.59570809375 0.831255521875 0.593754646875 0.8319073124999999 0.5908244781249999 0.7996441203125 0.5885454828125
1 0.874599009375 0.5940802015625 0.8759025843750001 0.5849641421875 0.8501572015625 0.585940865625 0.848527740625 0.5940802015625 0.874599009375 0.5940802015625
1 0.678296821875 0.567403040625 0.6522255671875 0.570007625 0.6502702140625 0.581402709375 0.74966690625 0.5804259859374999 0.751526271875 0.5639296703125 0.7480374640624999 0.542008259375 0.7245733265625 0.547543009375 0.7262027671875 0.556333509375 0.681555740625 0.5573102328124999 0.678296821875 0.567403040625
1 0.729355125 0.41317897812500004 0.7067331921875 0.411440521875 0.7037431078124999 0.42810070937500005 0.7102134859375 0.4265071921875 0.7200743390625 0.42998410781249996 0.742696271875 0.42998410781249996 0.7421162046875 0.4218712671875 0.729355125 0.41317897812500004
1 0.6597491734375 0.4033277359375 0.6597491734375 0.4120200265625 0.6771506609375 0.41317897812500004 0.6771506609375 0.4015892765625 0.6597491734375 0.4033277359375
0 0.6839952359375 0.3283848484375 0.6732383390625001 0.3291012765625 0.6588958078125 0.331967125 0.6596129203125 0.34343028593749997 0.662090946875 0.3514874859375 0.6761068531250001 0.349878353125 0.6861466203125001 0.34271391093750003 0.689732259375 0.336982271875 0.6875808703125 0.3291012765625 0.6839952359375 0.3283848484375