1 0.3476731609375 0.7947781390624999 0.4247835484375 0.7129329015625 0.4126082234375 0.694669915625 0.3862283578125 0.68925865625 0.2996482671875 0.8008657984375 0.305735928125 0.8008657984375 0.3185876609375 0.8008657984375 0.3551136390625 0.7535173171875 0.352408009375 0.7751623390625 0.3476731609375 0.7947781390624999
1 0.3287337671875 0.739989178125 0.3395562765625 0.7359307359375 0.3591720765625 0.7054924234375 0.354437228125 0.697375540625 0.3287337671875 0.739989178125
1 0.403418990625 0.581445990625 0.4045078390625 0.599412021875 0.4132186421875 0.6010452953125001 0.432817946875 0.5678353656249999 0.42682926718749997 0.556946865625 0.403418990625 0.581445990625
1 0.356054009375 0.6058580140625 0.3342770046875 0.6483231703125 0.3391768296875 0.6483231703125 0.361498259375 0.6167465171875001 0.36204268281249996 0.6064024375 0.356054009375 0.6058580140625
1 0.6570013078125 0.48717334375 0.6466572328125 0.4947952953125 0.5960256968750001 0.567748259375 0.593303571875 0.583536584375 0.5998366734375 0.583536584375 0.6270579281249999 0.5568597546875 0.6651676828124999 0.499150696875 0.6570013078125 0.48717334375
1 0.4865962546875 0.4915178578125 0.487140678125 0.511661584375 0.5012957328125001 0.5051284828125 0.5709821421875 0.3782774375 0.5715265671875 0.36031141093749997 0.5573715171875 0.3630335359375 0.5268837093750001 0.4169316203125 0.4865962546875 0.4915178578125
1 0.508373259375 0.5361607140625 0.519261759375 0.5356162906249999 0.564449040625 0.45504137499999997 0.5628157671875 0.44034189687499997 0.553016115625 0.4392530484375 0.5056511343750001 0.5209168125 0.508373259375 0.5361607140625
1 0.6265135 0.4969621078125 0.640668553125 0.471918553125 0.640668553125 0.4599412015625 0.6237913749999999 0.460485625 0.6080030484375001 0.4860736078125 0.6265135 0.4969621078125
1 0.661654134375 0.41067669218749997 0.6654135359375 0.4214849640625 0.67481203125 0.416315790625 0.7053571421875 0.3693233078125 0.7330827046875 0.3256202984375 0.7326127812500001 0.3072932328125 0.7166353390625 0.313872178125 0.7058270671875 0.3354887234375 0.661654134375 0.41067669218749997
1 0.801691728125 0.22364661562500002 0.7720864640625 0.258890978125 0.7326127812500001 0.33219925 0.7335526296875 0.3439473703125 0.7406015046875 0.3439473703125 0.8176691734375 0.24009398593750003 0.8214285718750001 0.22082706718749998 0.801691728125 0.22364661562500002
1 0.954332553125 0.009514053125 0.8387002328125 0.221750584375 0.8423594859374999 0.23199648593750002 0.8474824375000001 0.23272833906249998 0.9557962546875001 0.032201406249999995 0.9594555046875 0.009514053125 0.954332553125 0.009514053125
1 0.7501463703125 0.1156323171875 0.73258196875 0.1178278703125 0.683548009375 0.2063817328125 0.6901346609375001 0.2158957859375 0.7003805625 0.2151639328125 0.7457552671875 0.1383196734375 0.7501463703125 0.130269321875 0.7501463703125 0.1156323171875
1 0.884806790625 0.0453747046875 0.878951990625 0.0424473078125 0.8401639328125 0.10319086562499999 0.8196721296874999 0.14563817343750002 0.8006440265625001 0.18808548281249998 0.8299180312500001 0.16612997812500002 0.848946134375 0.13758782187500002 0.8774882906249999 0.069525759375 0.884806790625 0.0453747046875
1 0.697937625 0.017605634375000002 0.691021125 0.018863178124999998 0.62940140625 0.13267102656250002 0.6237424546875 0.152162978125 0.6338028171875 0.15279175 0.6627263578125 0.101861165625 0.697937625 0.037097584375 0.697937625 0.017605634375000002
1 0.8928571421875 0.0364873703125 0.8966681203125001 0.02396559375 0.912456446875 0.0005553125 0.8770688171875 0.0010997359375 0.8650914640625 0.0326763921875 0.8797909421875 0.0397539203125 0.889046165625 0.0397539203125 0.8928571421875 0.0364873703125
1 0.93205575 0.025054442187499998 0.9380444234375 0 0.9179006968750001 0.000010889062500000001 0.9021123703124999 0.02668771875 0.9026567953125 0.03757621875 0.920078396875 0.038665071875 0.93205575 0.025054442187499998
1 0.2553258125 0.9155701734375 0.259241853125 0.903822053125 0.2490601515625 0.8999060140624999 0.2490601515625 0.8897243125 0.2694235578125 0.8779761921875 0.26707393281249997 0.8583959906249999 0.2490601515625 0.85996240625 0.24671052656249998 0.8466478703125 0.23966165625000002 0.8450814546875 0.2192982453125 0.8568295765625 0.2200814546875 0.9022556390625001 0.231046365625 0.9155701734375 0.2553258125 0.9155701734375