1 0.4480636921875 0.058734357812500006 0.4458275890625 0.065104821875 0.44513955312500003 0.103155428125 0.4511598390625 0.1050493484375 0.4511598390625 0.1155520171875 0.45442796875 0.1177902953125 0.454600009375 0.12915381718750002 0.45890017031249997 0.128809459375 0.46062024062500007 0.11176417031250001 0.4590721515625 0.0942023484375 0.45546 0.091619728125 0.454771990625 0.052880420312499996 0.45047179843749996 0.05563521406250001 0.4480636921875 0.058734357812500006
1 0.43499418749999996 0.1400857859375 0.43705827656249996 0.1412910140625 0.43705827656249996 0.1454232046875 0.4372303125 0.14938321875 0.43740232656250005 0.151965834375 0.4403264328125 0.1531710578125 0.441193321875 0.1504858796875 0.44243240625 0.1111071078125 0.4393346875 0.10459565625 0.43716628125 0.073898803125 0.430530946875 0.07730958437499999 0.4320700796875 0.13750317343750001 0.43499418749999996 0.1400857859375
1 0.49239323281249997 0.056694821875 0.49273728125 0.0491191421875 0.492049240625 0.0432651921875 0.49325328125 0.0418877984375 0.49910155312500004 0.040166053125000004 0.50030559375 0.0370669203125 0.50030559375 0.033279079687500004 0.500133584375 0.022259896874999997 0.4985855265625 0.0195051078125 0.49170525 0.0182998796875 0.48207281718750006 0.019332928125000003 0.48207281718750006 0.0215712015625 0.48207281718750006 0.0317295 0.48207281718750006 0.038616482812500005 0.4819008078125 0.050324365625 0.4819008078125 0.054973084375 0.48155681250000004 0.06461485312500001 0.48207281718750006 0.075117509375 0.49170525 0.07976621874999999 0.49308127187500006 0.077527946875 0.49308127187500006 0.0737401078125 0.49256526718750004 0.0663366078125 0.49256526718750004 0.06048265625 0.49239323281249997 0.056694821875
1 0.46127056718750004 0.0902688796875 0.46505478125 0.10025499062500001 0.47279507968749995 0.0976723796875 0.47141900000000003 0.0377556109375 0.46488274062499996 0.0346564734375 0.4631627015625 0.046364343749999995 0.4624746609375 0.06461485312500001 0.462130615625 0.0787331828125 0.46127056718750004 0.0902688796875
1 0.53533934375 0.1171653125 0.5365294109375001 0.1051056421875 0.5350418218749999 0.098851759375 0.535934365625 0.08098352656249999 0.5332567328125 0.072515803125 0.5320666921874999 0.030823259375000002 0.5284965171875 0.021591334375 0.5258188890625 0.019208906249999998 0.5216536656249999 0.018613303125 0.518083490625 0.018017687499999997 0.513620771875 0.017422084375 0.507670490625 0.017422084375 0.5082655140625 0.0945532953125 0.5124307359375 0.096340115625 0.5133232765625 0.112123728125 0.5130257546875 0.11954775 0.5273064515625 0.11984554843749999 0.53533934375 0.1171653125
1 0.5263426609375 0.17346562031249999 0.5263426609375 0.1551380453125 0.5250798609375 0.1355465140625 0.5250798609375 0.11658696875 0.517503228125 0.1178509328125 0.5149776875 0.1292266734375 0.5149776875 0.153874103125 0.516871803125 0.17346562031249999 0.5263426609375 0.17346562031249999
1 0.53455071875 0.201272978125 0.5265273078125 0.20830058906249999 0.5282368296875 0.2240244328125 0.53139375 0.23540017343750003 0.5396018078125 0.2309762546875 0.5389704328125 0.212016696875 0.53455071875 0.201272978125
1 0.477094365625 0.27774315625 0.47583156718749997 0.24172 0.470780478125 0.24172 0.4711025984375 0.21085865625000003 0.4619410484375 0.2088567953125 0.4581527046875 0.24614389218750002 0.4663607640625 0.25056781250000004 0.4632037953125 0.2790071515625 0.477094365625 0.27774315625
1 0.49586934375 0.3789264375 0.503218459375 0.3875084734375 0.5087302499999999 0.4009945453125 0.509342709375 0.41386762499999996 0.5124048078125 0.4273536703125 0.5179166421875 0.43716173593749996 0.52465325 0.4273536703125 0.5258781703125 0.410802584375 0.5258781703125 0.39854251406249996 0.5228159734375 0.3875084734375 0.5209786921874999 0.38015241093749996 0.5130172187500001 0.365440353125 0.511792396875 0.35256728593750003 0.511792396875 0.3286601609375 0.5050556921875 0.3188521078125 0.4989314421875 0.3219171390625 0.497706625 0.3445982359375 0.49525693750000005 0.37218338906250004 0.49586934375 0.3789264375
1 0.542748290625 0.45814875 0.54336075 0.4612137640625 0.5500973578125 0.454470740625 0.5507098171875 0.43914565625 0.551934634375 0.423820571875 0.551934634375 0.41278653125 0.5481919234375 0.399715625 0.5384613218750001 0.4017524640625 0.5329495359374999 0.423820571875 0.5329495359374999 0.4403716609375 0.534174353125 0.44895372343749995 0.5396861921875 0.453857728125 0.542748290625 0.45814875
1 0.4891326875 0.415093603125 0.4897450984375 0.43041871406250004 0.49341965625000006 0.440226728125 0.49831903593750004 0.44206574062500004 0.5013811828125 0.43777475 0.5007687234375 0.42796668281250005 0.5007687234375 0.413254584375 0.50104853125 0.3964073171875 0.49648175468750005 0.3960905140625 0.49341965625000006 0.3997685171875 0.490357509375 0.40405956249999997 0.4891326875 0.4077375671875 0.4891326875 0.415093603125
1 0.46708538906249997 0.4261276703125 0.46708538906249997 0.4365487234375 0.472597228125 0.44267875468750006 0.4756593265625 0.4390007234375 0.47627178593749997 0.4224496390625 0.47627178593749997 0.41141559843750003 0.4744345046875 0.40160753125 0.4745820625 0.3840011609375 0.4738220453125 0.3789264375 0.46769779843750003 0.3862824734375 0.464023290625 0.3997685171875 0.46341082968749997 0.4095765796875 0.46708538906249997 0.4261276703125
1 0.5047779859375 0.48850905312500004 0.5047779859375 0.50812515625 0.5047779859375 0.517320209375 0.507227678125 0.529580303125 0.5127395140625 0.5387753531249999 0.5151891515625 0.5430663484375 0.5170264328124999 0.5559394281250001 0.513964384375 0.5645214640625 0.5133519234375 0.5731035046875 0.5133519234375 0.59088059375 0.5115146421875 0.607431678125 0.5127395140625 0.6227567640625 0.5194761703124999 0.62582178125 0.529887384375 0.62214375 0.5317246156250001 0.6166267328124999 0.5323370765625 0.5951716109375 0.5317246156250001 0.5804595406249999 0.5311122546875 0.5688124859375 0.529274978125 0.5547134015624999 0.5243755484375 0.544292375 0.5188637093749999 0.5381623125 0.5182513531249999 0.527128271875 0.5182513531249999 0.50812515625 0.5194761703124999 0.4878960671875 0.520700990625 0.46827995937500005 0.5213134515625 0.446824865625 0.5182513531249999 0.4400818078125 0.5066152671874999 0.4431468484375 0.5060028578125 0.45418090156249996 0.505390396875 0.4731839953125 0.5047779859375 0.48850905312500004
1 0.5892925765625 1 0.5807186390625 0.8810093265625 0.5770440796874999 0.793349884375 0.5678577359375 0.6695232359375 0.5605086203125 0.6048347671875 0.55254709375 0.6219988437499999 0.551934634375 0.6434539640625 0.551934634375 0.665522071875 0.551934634375 0.6851381734374999 0.551934634375 0.6980112328125 0.5549967812500001 0.70720628125 0.55928375 0.7139493078125 0.5635707671875 0.72988740625 0.564183178125 0.74705153125 0.561733490625 0.7629895796875 0.5635707671875 0.7905747046875 0.5647955359375 0.8065128078124999 0.565408 0.8187729234375001 0.5647955359375 0.8334849953125 0.5605086203125 0.843003146875 0.5574464734375 0.8295170765625001 0.5543843749999999 0.8019319203125 0.5537719156249999 0.7798638125 0.551934634375 0.759021709375 0.5488725359375 0.7535046875 0.5378489109375 0.739405603125 0.5329495359374999 0.7326625671875 0.529274978125 0.7167244953125 0.5256004203125 0.6946563890624999 0.5219258609375 0.6701362359374999 0.5158016109375 0.670749240625 0.5188637093749999 0.7259195453125 0.5256004203125 0.744309634375 0.536624040625 0.7633127281250001 0.5445855671875 0.7872198484374999 0.5421358796875 0.797640928125 0.534174353125 0.7866068609375 0.5323370765625 0.7847678484375 0.5274376968750001 0.7951888968749999 0.5268252859375 0.8111269734375 0.523150728125 0.8203220218749999 0.513964384375 0.8252260578125 0.520700990625 0.83503409375 0.529887384375 0.838712125 0.529274978125 0.8509721703125 0.5237631390625 0.8607802328125 0.53049984375 0.8675232546875 0.5445855671875 0.8718142984374999 0.5458104374999999 0.8895913890625 0.5464227984375001 0.9092074953125 0.5464227984375001 0.9245325796874999 0.5470353078125 0.94414865625 0.54764771875 0.9582477671875 0.5482600765625001 0.9723467984375 0.5482600765625001 0.9876719109375 0.5494849953125 1 0.5892925765625 1
1 0.509677365625 0.9257585796875001 0.5188637093749999 0.9380186734375 0.5219258609375 0.9226935624999999 0.5182513531249999 0.8969474234374999 0.5182513531249999 0.877331321875 0.5102898265625 0.8705882718750001 0.507840084375 0.8816223390625 0.507840084375 0.8957214234374999 0.507227678125 0.9098204828125 0.509677365625 0.9257585796875001