1 0.5488401609375 0.1155520171875 0.5488401609375 0.1050493484375 0.554860446875 0.103155428125 0.5541724109375 0.065104821875 0.5519363078125 0.058734357812500006 0.5495282015625 0.05563521406250001 0.5452280093749999 0.052880420312499996 0.54454 0.091619728125 0.5409278484375 0.0942023484375 0.5393797593749999 0.11176417031250001 0.5410998296875 0.128809459375 0.545399990625 0.12915381718750002 0.54557203125 0.1177902953125 0.5488401609375 0.1155520171875
1 0.5627696875 0.14938321875 0.5629417234375 0.1454232046875 0.5629417234375 0.1412910140625 0.5650058125 0.1400857859375 0.5679299203125 0.13750317343750001 0.569469053125 0.07730958437499999 0.56283371875 0.073898803125 0.5606653125000001 0.10459565625 0.55756759375 0.1111071078125 0.5588066781250001 0.1504858796875 0.5596735671874999 0.1531710578125 0.5625976734375 0.151965834375 0.5627696875 0.14938321875
1 0.5180991921875 0.050324365625 0.5179271828124999 0.038616482812500005 0.5179271828124999 0.0317295 0.5179271828124999 0.0215712015625 0.5179271828124999 0.019332928125000003 0.50829475 0.0182998796875 0.5014144734375 0.0195051078125 0.499866415625 0.022259896874999997 0.49969440625 0.033279079687500004 0.49969440625 0.0370669203125 0.500898446875 0.040166053125000004 0.50674671875 0.0418877984375 0.507950759375 0.0432651921875 0.5072627187500001 0.0491191421875 0.5076067671875 0.056694821875 0.5074347328125 0.06048265625 0.5074347328125 0.0663366078125 0.5069187281249999 0.0737401078125 0.5069187281249999 0.077527946875 0.50829475 0.07976621874999999 0.5179271828124999 0.075117509375 0.5184431875 0.06461485312500001 0.5180991921875 0.054973084375 0.5180991921875 0.050324365625
1 0.537869384375 0.0787331828125 0.5375253390625 0.06461485312500001 0.5368372984375 0.046364343749999995 0.535117259375 0.0346564734375 0.528581 0.0377556109375 0.5272049203125 0.0976723796875 0.53494521875 0.10025499062500001 0.5387294328125 0.0902688796875 0.537869384375 0.0787331828125
1 0.478346334375 0.018613303125 0.4741811109375 0.019208906249999998 0.4715034828125 0.021591334375 0.46793330781250003 0.030823259375000002 0.4667432671875 0.072515803125 0.464065634375 0.08098352656249999 0.464958178125 0.098851759375 0.4634705890625 0.1051056421875 0.46466065624999997 0.1171653125 0.4726935484375 0.11984554843749999 0.4869742453125 0.11954775 0.48667672343749996 0.112123728125 0.4875692640625 0.096340115625 0.4917344859375 0.0945532953125 0.49232950937500003 0.017422084375 0.486379228125 0.017422084375 0.48191650937499997 0.018017687499999997 0.478346334375 0.018613303125
1 0.48312819687499997 0.17346562031249999 0.48502231250000005 0.153874103125 0.48502231250000005 0.1292266734375 0.482496771875 0.1178509328125 0.4749201390625 0.11658696875 0.4749201390625 0.1355465140625 0.47365733906249996 0.1551380453125 0.47365733906249996 0.17346562031249999 0.48312819687499997 0.17346562031249999
1 0.46860625 0.23540017343750003 0.4717631703125 0.2240244328125 0.4734726921875 0.20830058906249999 0.46544928125 0.201272978125 0.4610295671875 0.212016696875 0.46039819218750005 0.2309762546875 0.46860625 0.23540017343750003
1 0.5367962046875 0.2790071515625 0.5336392359375 0.25056781250000004 0.5418472953125 0.24614389218750002 0.5380589515625 0.2088567953125 0.5288974015625 0.21085865625000003 0.529219521875 0.24172 0.5241684328125 0.24172 0.522905634375 0.27774315625 0.5367962046875 0.2790071515625
1 0.47718402656250003 0.3875084734375 0.4741218296875 0.39854251406249996 0.4741218296875 0.410802584375 0.47534675000000004 0.4273536703125 0.4820833578125 0.43716173593749996 0.4875951921875 0.4273536703125 0.490657290625 0.41386762499999996 0.49126975 0.4009945453125 0.49678154062499996 0.3875084734375 0.50413065625 0.3789264375 0.5047430625 0.37218338906250004 0.502293375 0.3445982359375 0.5010685578125 0.3219171390625 0.49494430781250004 0.3188521078125 0.48820760312499994 0.3286601609375 0.48820760312499994 0.35256728593750003 0.48698278124999994 0.365440353125 0.4790213078125 0.38015241093749996 0.47718402656250003 0.3875084734375
1 0.44929018281250005 0.43914565625 0.4499026421875 0.454470740625 0.45663925 0.4612137640625 0.45725170937500004 0.45814875 0.46031380781250003 0.453857728125 0.46582564687500005 0.44895372343749995 0.46705046406250006 0.4403716609375 0.46705046406250006 0.423820571875 0.461538678125 0.4017524640625 0.4518080765625 0.399715625 0.44806536562500004 0.41278653125 0.44806536562500004 0.423820571875 0.44929018281250005 0.43914565625
1 0.5016809640625 0.44206574062500004 0.5065803437499999 0.440226728125 0.5102549015625 0.43041871406250004 0.5108673125000001 0.415093603125 0.5108673125000001 0.4077375671875 0.509642490625 0.40405956249999997 0.5065803437499999 0.3997685171875 0.5035182453125 0.3960905140625 0.49895146874999996 0.3964073171875 0.4992312765625 0.413254584375 0.4992312765625 0.42796668281250005 0.4986188171875 0.43777475 0.5016809640625 0.44206574062500004
1 0.5243406734375 0.4390007234375 0.5274027718750001 0.44267875468750006 0.5329146109375 0.4365487234375 0.5329146109375 0.4261276703125 0.5365891703125001 0.4095765796875 0.5359767093750001 0.3997685171875 0.5323022015625 0.3862824734375 0.5261779546875001 0.3789264375 0.5254179375 0.3840011609375 0.5255654953125 0.40160753125 0.5237282140625 0.41141559843750003 0.5237282140625 0.4224496390625 0.5243406734375 0.4390007234375
1 0.481748646875 0.527128271875 0.481136290625 0.5381623125 0.4756244515625 0.544292375 0.470725021875 0.5547134015624999 0.46888774531250005 0.5688124859375 0.46827538437499994 0.5804595406249999 0.46766292343750004 0.5951716109375 0.46827538437499994 0.6166267328124999 0.470112615625 0.62214375 0.4805238296875 0.62582178125 0.48726048593750004 0.6227567640625 0.4884853578125 0.607431678125 0.4866480765625 0.59088059375 0.4866480765625 0.5731035046875 0.486035615625 0.5645214640625 0.48297356718750006 0.5559394281250001 0.48481084843750005 0.5430663484375 0.48726048593750004 0.5387753531249999 0.492772321875 0.529580303125 0.4952220140625 0.517320209375 0.4952220140625 0.50812515625 0.4952220140625 0.48850905312500004 0.49460960312499996 0.4731839953125 0.49399714218749996 0.45418090156249996 0.4933847328125 0.4431468484375 0.481748646875 0.4400818078125 0.4786865484375 0.446824865625 0.47929900937500003 0.46827995937500005 0.4805238296875 0.4878960671875 0.481748646875 0.50812515625 0.481748646875 0.527128271875
1 0.45051500468750005 1 0.45173992343749997 0.9876719109375 0.45173992343749997 0.9723467984375 0.45235228125000004 0.9582477671875 0.4529646921875 0.94414865625 0.4535772015625 0.9245325796874999 0.4535772015625 0.9092074953125 0.45418956250000003 0.8895913890625 0.4554144328125 0.8718142984374999 0.46950015624999997 0.8675232546875 0.47623686093749995 0.8607802328125 0.470725021875 0.8509721703125 0.470112615625 0.838712125 0.47929900937500003 0.83503409375 0.486035615625 0.8252260578125 0.47684927187500004 0.8203220218749999 0.4731747140625 0.8111269734375 0.47256230312499997 0.7951888968749999 0.46766292343750004 0.7847678484375 0.46582564687500005 0.7866068609375 0.45786412031249996 0.797640928125 0.4554144328125 0.7872198484374999 0.463375959375 0.7633127281250001 0.47439957968749996 0.744309634375 0.481136290625 0.7259195453125 0.4841983890625 0.670749240625 0.47807413906249996 0.6701362359374999 0.47439957968749996 0.6946563890624999 0.470725021875 0.7167244953125 0.46705046406250006 0.7326625671875 0.4621510890625 0.739405603125 0.45112746406250004 0.7535046875 0.44806536562500004 0.759021709375 0.44622808437500006 0.7798638125 0.445615625 0.8019319203125 0.4425535265625 0.8295170765625001 0.43949137968749996 0.843003146875 0.4352044640625 0.8334849953125 0.434592 0.8187729234375001 0.4352044640625 0.8065128078124999 0.4364292328125 0.7905747046875 0.438266509375 0.7629895796875 0.43581682187500004 0.74705153125 0.4364292328125 0.72988740625 0.44071625000000003 0.7139493078125 0.44500321875 0.70720628125 0.44806536562500004 0.6980112328125 0.44806536562500004 0.6851381734374999 0.44806536562500004 0.665522071875 0.44806536562500004 0.6434539640625 0.44745290625 0.6219988437499999 0.43949137968749996 0.6048347671875 0.4321422640625 0.6695232359375 0.42295592031250007 0.793349884375 0.4192813609375 0.8810093265625 0.4107074234375 1 0.45051500468750005 1
1 0.490322634375 0.9257585796875001 0.492772321875 0.9098204828125 0.492159915625 0.8957214234374999 0.492159915625 0.8816223390625 0.4897101734375 0.8705882718750001 0.481748646875 0.877331321875 0.481748646875 0.8969474234374999 0.47807413906249996 0.9226935624999999 0.481136290625 0.9380186734375 0.490322634375 0.9257585796875001