1 0.5660128796875 0.131733021875 0.5660128796875 0.18662178125 0.5725995312500001 0.18662178125 0.5725995312500001 0.1331967234375 0.5660128796875 0.131733021875
1 0.48314889218749996 0.12139084375 0.4630281703125 0.12076207187500002 0.46428571406249997 0.2358274640625 0.47811871406249995 0.23708500937500002 0.4818913484375 0.22513832968749997 0.48314889218749996 0.12139084375
1 0.441649896875 0.12076207187500002 0.441649896875 0.1930709234375 0.447308853125 0.193699696875 0.44793762499999995 0.12013329843750001 0.441649896875 0.12076207187500002
1 0.5383275265624999 0.4023301390625 0.5372386734375 0.29507839687500004 0.516550521875 0.2945339734375 0.5236280484375 0.3135888484375 0.5236280484375 0.4072299640625 0.5263501734375 0.411585365625 0.5345165484375001 0.411585365625 0.5383275265624999 0.4023301390625
1 0.5731707328125 0.5052264828124999 0.5704486078125 0.348432053125 0.5628266562500001 0.3473432046875 0.5628266562500001 0.28092334375 0.5492160265625 0.2907229953125 0.5492160265625 0.3881750890625 0.5546602765624999 0.48834930312499997 0.55738240625 0.4921602765625 0.5731707328125 0.5052264828124999
1 0.43410462968749997 0.6331866203125001 0.4378772640625 0.522522634375 0.43850603593750004 0.445183603125 0.43347585781250003 0.445183603125 0.42844567343750006 0.5099471828125 0.4240442640625 0.6080357140625 0.42341549062499995 0.7369341031250001 0.42970321875 0.7369341031250001 0.43410462968749997 0.6331866203125001
1 0.5447686109375 0.5791121734375 0.5441398390625001 0.6300427546875 0.5497987953125001 0.6300427546875 0.5497987953125001 0.5791121734375 0.5447686109375 0.5791121734375
1 0.558740603125 0.54981203125 0.5629699234375 0.5493421078125 0.5629699234375 0.49953007656250004 0.5573308265625 0.49953007656250004 0.558740603125 0.54981203125
1 0.4504527140625 0.8324949687500001 0.46365694218750003 0.784079478125 0.4825201203125 0.784079478125 0.48314889218749996 0.59293259375 0.462399396875 0.59293259375 0.4630281703125 0.6375754515625001 0.4491951703125 0.6482645890625001 0.44227867343750005 0.7513832984375 0.441649896875 0.8098591562499999 0.4504527140625 0.8324949687500001
1 0.552313884375 0.8161468796875001 0.5516851109375 0.9205231390625 0.5692907453125 0.9205231390625 0.5711770625 0.8117454734375 0.552313884375 0.8161468796875001
1 0.5296780671875 0.785337021875 0.5296780671875 0.8350100625 0.5378521109375 0.835638834375 0.53910965625 0.785337021875 0.5296780671875 0.785337021875
1 0.5120724328125 0.7482394375 0.5120724328125 0.8582746468750001 0.5183601609374999 0.8582746468750001 0.5196177046875 0.748868209375 0.5120724328125 0.7482394375
1 0.43410462968749997 0.864562375 0.42215794687499997 0.8727364203124999 0.42341549062499995 0.9205231390625 0.42844567343750006 0.9205231390625 0.43410462968749997 0.8802816921875 0.43410462968749997 0.864562375