1 0.458870021875 0.4976580796875 0.458870021875 0.50278103125 0.4581381734375 0.5086358296875 0.45521077187500003 0.51375878125 0.45521077187500003 0.5196135843749999 0.45301522343749995 0.555474240625 0.4603337234375 0.5752341921874999 0.4661885265625 0.566451990625 0.462529271875 0.5488875890625 0.4808255265625 0.496926228125 0.46545667343749997 0.474970728125 0.46179742343749997 0.48375292812500004 0.4603337234375 0.4881440265625 0.4603337234375 0.49326697812500003 0.458870021875 0.4976580796875
1 0.5240046828125 0.25395199062499996 0.5247365359375 0.2283372359375 0.51741803125 0.2283372359375 0.5071721296875 0.252488290625 0.5005854828125 0.2912763484375 0.49912178125000006 0.34543325468749997 0.5086358296875 0.3344555046875 0.5152224828125 0.30737704843749997 0.5196135843749999 0.2963992984375 0.5240046828125 0.25395199062499996
1 0.581199459375 0.1398247984375 0.5769878703125 0.1709905671875 0.5651954203125 0.1912062015625 0.561826146875 0.207210240625 0.5466644203125 0.2720687328125 0.561826146875 0.2695417765625 0.5803571421875 0.2232142859375 0.6030997328125001 0.200471696875 0.6030997328125001 0.1566711609375 0.61068059375 0.1415094328125 0.6157345000000001 0.069912396875 0.6039420484375 0.032008084375 0.595518865625 0.046327490625 0.59214959375 0.0825471703125 0.5870956875 0.1204514828125 0.581199459375 0.1398247984375
1 0.5130784687500001 0.4703219328125 0.4929577453125 0.5036468796875 0.4935865171875 0.558350103125 0.496730384375 0.5552062359375001 0.5055332015625 0.5426307859375 0.5118209234375 0.5017605625 0.516222334375 0.4803822953125 0.5130784687500001 0.4703219328125
1 0.5256539234375001 0.484154928125 0.519366196875 0.5086770625 0.5256539234375001 0.5319416515625 0.541373240625 0.49044265625000005 0.5533199203125 0.4093309859375 0.5401156921875 0.41687625937500006 0.5256539234375001 0.484154928125
1 0.49039502187500006 0.208333334375 0.49039502187500006 0.261093071875 0.48836579843749994 0.288149353125 0.50121753125 0.257711040625 0.5059523796875001 0.2123917765625 0.5032467546875 0.18871753125 0.49039502187500006 0.208333334375
1 0.476866884375 0.3321157984375 0.47416125468750003 0.3801406921875 0.4822781390625 0.3699945890625 0.489042209375 0.3294101734375 0.4849837671875 0.31452921875 0.476866884375 0.3321157984375
1 0.426755446875 0.8330811109375 0.4418886203125 0.7710351078125 0.43734867031249997 0.7604418890625 0.41767554531249995 0.8013014515625001 0.426755446875 0.8330811109375
1 0.476694915625 0.6408898296875 0.4948547234375 0.6128934640625 0.491071428125 0.5765738484375 0.471398303125 0.6212167046875 0.476694915625 0.6408898296875
1 0.4566744734375 0.787470728125 0.46984777656250004 0.7618559734375 0.4691159234375 0.7267271656250001 0.45301522343749995 0.7501463703125 0.4566744734375 0.787470728125
1 0.5035128796875 0.647687353125 0.4976580796875 0.6432962546875001 0.4713114734375 0.6696428578125 0.4735070265625 0.7106264640625 0.4903395796875 0.7069672140625001 0.5035128796875 0.647687353125
1 0.43087121406250006 0.68858225 0.44237012968749995 0.666260821875 0.43763528125000006 0.6371753265625 0.4234307359375 0.65746753125 0.43087121406250006 0.68858225