1 0.9512987015625001 0.489989178125 0.8863636390625 0.490665584375 0.8877164515624999 0.4967532453125 0.9519751078124999 0.4960768390625 0.9512987015625001 0.489989178125
1 0.9289772718749999 0.5528950218750001 0.8606601734374999 0.5535714281249999 0.8599837671874999 0.5589826828125 0.929653678125 0.5596590890625001 0.9289772718749999 0.5528950218750001
1 0.8261634203125 0.508252165625 0.7673160171875 0.508252165625 0.7673160171875 0.5150162328125 0.8275162328125001 0.5136634203125 0.8261634203125 0.508252165625
1 0.9787674203125001 0.5072952953125001 0.94936846875 0.5078397234375001 0.94936846875 0.5138283968749999 0.9787674203125001 0.5138283968749999 0.9787674203125001 0.5072952953125001
1 0.9967334515624999 0.516550521875 0.9330357140625001 0.516550521875 0.932491290625 0.5225391968750001 0.9967334515624999 0.523083625 0.9967334515624999 0.516550521875
1 1 0.535060978125 0.951546165625 0.535060978125 0.953723865625 0.5399608031249999 1 0.5399608031249999 1 0.535060978125
1 0.8182847093750001 0.563631790625 0.8145120718750001 0.55294265625 0.800050303125 0.5542002015625 0.7032193171875 0.5573440625 0.7032193171875 0.5630030171875 0.8182847093750001 0.563631790625
1 0.5138283968749999 0.5094729953125 0.50239546875 0.5214503484375 0.4103876296875 0.521994771875 0.40984320468749996 0.5268945984375 0.42345383437499995 0.5356054015625 0.5388719515625 0.535060978125 0.579703834375 0.535060978125 0.6025696875000001 0.5323388484375 0.604202959375 0.5268945984375 0.5895034828125 0.517094946875 0.5758928578125 0.517094946875 0.567182053125 0.508384146875 0.5138283968749999 0.5094729953125
1 0.6293290046875 0.5596590890625001 0.6252705625 0.5481601734375 0.602272728125 0.5441017328125 0.5752164515625 0.5441017328125 0.5589826828125 0.5589826828125 0.6293290046875 0.5596590890625001
1 0.603625540625 0.540719696875 0.6313582234374999 0.5441017328125 0.667207790625 0.5447781390624999 0.6685606078124999 0.5359848484375 0.6915584421875 0.5359848484375 0.6915584421875 0.523809521875 0.62391775 0.5251623390625 0.6252705625 0.53057359375 0.603625540625 0.5359848484375 0.603625540625 0.540719696875
1 0.2976358171875 0.5573440625 0.42527666093749994 0.5573440625 0.39572434843750004 0.5428822953125 0.3466800796875 0.5378521109375 0.324673040625 0.5460261562500001 0.29826458906250003 0.55294265625 0.2976358171875 0.5573440625
1 0.317756540625 0.5321931609375 0.362399396875 0.522761571875 0.3636569421875 0.5164738437499999 0.30706740625 0.5164738437499999 0.2731136828125 0.5252766609374999 0.271227365625 0.5328219328125 0.317756540625 0.5321931609375
1 0.25982142812500003 0.521428571875 0.1915178578125 0.521875 0.19241071406250002 0.5272321421874999 0.259375 0.5272321421874999 0.25982142812500003 0.521428571875
1 0.25892857187499996 0.5303571421875 0.1875 0.5303571421875 0.187053571875 0.5361607140625 0.25982142812500003 0.5361607140625 0.25892857187499996 0.5303571421875
1 0.2459821421875 0.543303571875 0.21741071406249998 0.544196428125 0.2169642859375 0.55 0.2450892859375 0.5491071421875 0.2459821421875 0.543303571875
1 0.21875 0.512946428125 0.2008928578125 0.512946428125 0.20044642812500002 0.518303571875 0.219196428125 0.5178571421875 0.21875 0.512946428125
1 0.187946428125 0.5169642859375 0.15625 0.5178571421875 0.155803571875 0.5227678578125 0.187946428125 0.5227678578125 0.187946428125 0.5169642859375
1 0.133928571875 0.5397321421875 0.0924107140625 0.5397321421875 0.093303571875 0.5446428578125 0.134821428125 0.5450892859375001 0.133928571875 0.5397321421875
1 0 0.5357142859375 0.058482142187499996 0.5357142859375 0.058482142187499996 0.5303571421875 0 0.53125 0 0.5357142859375
1 0.058928571875 0.544196428125 0.04375 0.544196428125 0.044196428125 0.5491071421875 0.058928571875 0.5491071421875 0.058928571875 0.544196428125
1 0.12946428593749998 0.499289771875 0.10612824531250001 0.499289771875 0.10612824531250001 0.5053774328125 0.1299715890625 0.5048701296875 0.12946428593749998 0.499289771875