1 0 0.73731340625 0.1992013125 0.7087838296875 0.486450196875 0.63134765625 0.8191702718749999 0.62207903125 0.8976614828124999 0.563807896875 0.8928571421875 0.5580357140625 0.487470353125 0.5822230765625 0.18171037968749998 0.6566423703125001 0 0.660810196875 0 0.73731340625
1 1 0.43425984375000004 0.9550073390625 0.43610278593749996 0.9544993125 0.4541376828125 1 0.4521109859375 1 0.43425984375000004
1 0.899000259375 0.41752203593750004 0.8814238124999999 0.40593759374999994 0.839237928125 0.40662570468750003 0.8355673609375 0.4178084734375 0.8548020624999999 0.42382370937499997 0.899000259375 0.41752203593750004
1 0.4728241421875 0.4327155796875 0.445679375 0.4418525578125 0.44507565156249995 0.46343724062499997 0.46062311562499997 0.4741841390625 0.660003915625 0.4546962546875 0.674035584375 0.47097078124999997 0.7299480265625 0.458234196875 0.728893134375 0.45617959375000006 0.719970384375 0.44199212499999996 0.739432303125 0.43828215625 0.7311002906249999 0.42207254843750003 0.4728241421875 0.4327155796875
1 0.09068739218750001 0.6306658609375 0.2082194640625 0.59825546875 0.2475896703125 0.5665725625 0.39328178125 0.5512953390625001 0.35703346406250003 0.586953646875 0.4115777859375 0.589737571875 0.49490652187500006 0.5558836609375 0.45669342031250004 0.539214478125 0.6225718578125 0.5229806390625 0.8508251203125001 0.49750714687500003 0.832597853125 0.4772005265625 0.6964489953124999 0.492615228125 0.272026353125 0.5403028437499999 0.098941790625 0.5684628796875 0.0842431203125 0.6070655046875 0.0012466203125 0.6146840671875 0 0.6343147499999999 0.09068739218750001 0.6306658609375
1 1 0.3623594015625 0.9295842015625 0.35710034375 0.8700255 0.36241590156250003 0.8590412765625001 0.3781036109375 0.9427106515625001 0.380952071875 1 0.3623594015625
1 0.6590087984374999 0.387053896875 0.772975428125 0.3638377765625 0.8397706250000001 0.36468525 0.846927084375 0.352754678125 0.7320470671875 0.35574909374999997 0.6477985796875 0.3692192453125 0.6255523484375 0.3465069015625 0.5842379156249999 0.34798998281250004 0.5394676656249999 0.3796384859375 0.6590087984374999 0.387053896875
1 0.3334793171875 0.4793486921875 0.3976473390625 0.48762570156249996 0.43350968281249996 0.467258040625 0.3725432328125 0.46284175000000005 0.3334793171875 0.4793486921875
1 0.2310383578125 0.41796321406250003 0.3240299640625 0.4247383078125 0.4395361734375 0.3937348296875 0.361224728125 0.3971247328125 0.2310383578125 0.41796321406250003
1 0.1385976078125 0.504782375 0.06979671875 0.5324571609375 0.14332463906249998 0.543036478125 0.18479444218750002 0.5380928703125 0.208118853125 0.5166752812500001 0.1385976078125 0.504782375
1 0 0.45948009843750004 0.1089595046875 0.4472293703125 0.12254265625 0.43350968281249996 0 0.436292228125 0 0.45948009843750004
1 0.057032795312499995 0.45846783437500005 0.0482190484375 0.48699951406249997 0.1402407671875 0.47861421406250004 0.1574963125 0.45882095156249997 0.057032795312499995 0.45846783437500005