1 0.5250855796875 0 0.530671884375 0.0232547953125 0.539266165625 0.0340081109375 0.5418444515624999 0.04734221875 0.54313359375 0.08390349999999999 0.5328204421875 0.09078561562500001 0.5336798968750001 0.107990915625 0.5401256203125 0.11573329843749999 0.542274178125 0.13637966562499998 0.5534467453125 0.1411111296875 0.5590330484375 0.138530334375 0.55774390625 0.1114319828125 0.5547358921875001 0.08992534375 0.5525873296875 0.0499230140625 0.5500090453125 0.026695853125000002 0.549149625 0 0.5250855796875 0
1 0.46234725 0.0856240265625 0.46578495468750003 0.0796021609375 0.46621468281249995 0.06669818281249999 0.4666444109375 0.0499230140625 0.461487834375 0.0380851609375 0.4541826609375 0.0475480796875 0.45246382656249995 0.07272004843749999 0.4541826609375 0.0802381515625 0.46234725 0.0856240265625
1 0.4816871296875 0.1204239203125 0.489421990625 0.128596428125 0.49200028125 0.13031697343749998 0.49200028125 0.0873037015625 0.4872734328125 0.078270915625 0.48125740156249996 0.0817119828125 0.4816871296875 0.1204239203125
1 0.46277697812499996 0.118744240625 0.469760771875 0.1195026421875 0.47223067343749997 0.1006786734375 0.471371259375 0.0714296515625 0.464925540625 0.0722899203125 0.461487834375 0.095947209375 0.461487834375 0.1144429015625 0.46277697812499996 0.118744240625
1 0.5263842328125 0.15887953125 0.5190790984375 0.1541480765625 0.5165008078125 0.16963285781249998 0.5186493703124999 0.188558678125 0.5147819375 0.192429875 0.5143522500000001 0.22555008906250001 0.52079796875 0.227700759375 0.52122765625 0.2388841921875 0.5160710796875 0.2466265796875 0.5182196828125 0.2659825484375 0.52079796875 0.27329480781250004 0.5272436875000001 0.2702838890625 0.5281031078125 0.2586703078125 0.5345488265625 0.2513580453125 0.536267696875 0.2397444640625 0.535408240625 0.22038850000000001 0.5332596828125 0.20189280312500002 0.52939225 0.1971613390625 0.52939225 0.180386165625 0.5263842328125 0.15887953125
1 0.498015821875 0.1201924234375 0.4984455484375 0.1438497328125 0.49887527656249997 0.176109678125 0.509188428125 0.176969928125 0.5104581390625 0.14731457187500002 0.51004784375 0.12965535781249998 0.504461540625 0.11675136562499999 0.498015821875 0.1201924234375
1 0.5448619781249999 0.22425969218750003 0.5465808484375 0.23802394218749998 0.556894 0.253078571875 0.556464271875 0.188558678125 0.5521671109375 0.1919997453125 0.5474402640625 0.20619412499999998 0.5444322500000001 0.216517303125 0.5448619781249999 0.22425969218750003
1 0.5573155359374999 0.437989146875 0.55473725 0.4070195984375 0.55473725 0.3855129640625 0.5577452640625 0.373899384375 0.5587429546875 0.356143665625 0.5487212593749999 0.34723115625 0.5427052640625 0.3657268703125 0.5431349546875001 0.3988470671875 0.5431349546875001 0.42379476718750003 0.5495806734375 0.4341179515625 0.5573155359374999 0.437989146875
1 0.5328218031249999 0.36228580312499997 0.5358298171875 0.35626393749999996 0.5362595453125001 0.34465035781250003 0.5366892328125 0.3154013578125 0.53110296875 0.3188424015625 0.5276652281249999 0.3420695625 0.5328218031249999 0.36228580312499997
1 0.5104766656249999 0.4250683484375 0.51649265625 0.4194766109375 0.5173520765624999 0.40313158437499996 0.516062928125 0.387216665625 0.5113360796875 0.381194821875 0.5061795046875 0.3953892015625 0.5061795046875 0.4181862140625 0.5104766656249999 0.4250683484375
1 0.49199892343749996 0.3556135359375 0.48641261562500004 0.3569039328125 0.4846937859375 0.3715284546875 0.4898503609375 0.3797009640625 0.4924286515625 0.3771201703125 0.49199892343749996 0.3556135359375
1 0.48555320156250004 0.325504259375 0.479966896875 0.3298055765625 0.4839463390625 0.342602896875 0.488131490625 0.33668771406250003 0.48555320156250004 0.325504259375
1 0.5291685765625 0.56904821875 0.5291685765625 0.5737796875 0.5321765484375 0.581522071875 0.5326062765625 0.603888959375 0.53125 0.625 0.5401785718750001 0.6294642859375 0.5446428578125 0.6294642859375 0.5535714281249999 0.6205357140625 0.5535714281249999 0.6071428578125 0.5580357140625 0.6071428578125 0.5580357140625 0.5401785718750001 0.5535714281249999 0.5357142859375 0.5347548390625 0.5286157640625 0.53125 0.5401785718750001 0.53125 0.5580357140625 0.5287388484375 0.5638866296875 0.5291685765625 0.56904821875
1 0.552802853125 0.5290458890624999 0.5575297406249999 0.5286157640625 0.559678303125 0.5230240453125 0.56053771875 0.4817313171875 0.557959428125 0.4683971921875 0.5519434375000001 0.45506308906250004 0.5476462765625 0.4542028171875 0.544638303125 0.46151507656249996 0.545927446875 0.4830217140625 0.551513709375 0.4903339546875 0.552802853125 0.5290458890624999
1 0.48660714218749995 0.19196428593749998 0.48214285781250005 0.18303571406250002 0.47321428593750003 0.1875 0.47321428593750003 0.2232142859375 0.477678571875 0.22767857187499999 0.48660714218749995 0.2232142859375 0.48660714218749995 0.19196428593749998
1 0.5313681609375001 0.46355438437499996 0.5247927406249999 0.4620354953125 0.5247927406249999 0.497476196875 0.530702115625 0.498897821875 0.5313681609375001 0.46355438437499996
1 0.49577247343749997 0.4661812671875 0.4983844640625 0.4769662546875 0.49773147343749996 0.48825759843750005 0.49773147343749996 0.5057262328125 0.5023024687500001 0.5109553265625 0.5055674828125001 0.5181452984375 0.5101384734375001 0.518472125 0.5107914640625 0.5125894062499999 0.5098119640625 0.4733712671875 0.505893959375 0.46846900468749997 0.5052409734375 0.425329053125 0.4983844640625 0.425329053125 0.49773147343749996 0.46095218750000005 0.49577247343749997 0.4661812671875
1 0.5258043296875 0.4522084515625 0.5278275625 0.43195662500000004 0.5232753265625 0.421324415625 0.5192288656249999 0.43195662500000004 0.5207462765625 0.44967696406249996 0.5258043296875 0.4522084515625
1 0.48660714218749995 0.48214285781250005 0.488907709375 0.46337928125000005 0.484663196875 0.433638865625 0.4807451921875 0.43494613437499996 0.48107170468750005 0.45618929531249997 0.4791127015625 0.474491084375 0.48660714218749995 0.48214285781250005
1 0.47323569687499994 0.4186052359375 0.47258267812500004 0.4431165765625 0.4770894734375 0.4445229515625 0.4794391828125 0.41925887968750003 0.47323569687499994 0.4186052359375
1 0.5246302359375 0.689764740625 0.525706353125 0.727824603125 0.531804353125 0.753676571875 0.5418481390625 0.7579852359375 0.5393371828125 0.7303379828125001 0.5382644640625001 0.7026934015624999 0.53790575 0.6635563921875 0.536470946875 0.6517075718750001 0.5357142859375 0.6383928578125 0.5267857140625 0.6383928578125 0.520684446875 0.6441647359375 0.523554115625 0.6621175046875 0.5246302359375 0.689764740625
1 0.5167369640625 0.854211178125 0.520604665625 0.8738662500000001 0.522984771875 0.89054328125 0.524472365625 0.9197280890625 0.525959928125 0.930449040625 0.528935084375 0.9643987046875001 0.5295301078125 0.9959659515625001 0.535777915625 1 0.5405381609375 0.96171846875 0.5527362546875 0.9545711703125 0.5482735359375 0.9118576203125001 0.5488685578125 0.8579700578124999 0.5378605265624999 0.8371237718750001 0.5295301078125 0.8011205359375 0.5197121203124999 0.788017146875 0.5203071390625 0.7680642765625 0.5167369640625 0.762405990625 0.5075139953125001 0.762703803125 0.5081090453125 0.7835190359374999 0.5131667859375 0.8032051609374999 0.5167369640625 0.854211178125
1 0.5521412359375 0.8950103437499999 0.554223821875 0.9113895671875 0.5592815890625 0.9057312953125001 0.5586865453125001 0.893521321875 0.557794 0.8816091609375001 0.5527362546875 0.8816091609375001 0.5521412359375 0.8950103437499999
1 0.520628209375 0.5853197140625 0.5203306875 0.6002099015625 0.522115771875 0.6168869234375001 0.5230083171875 0.6174825359375 0.528958625 0.6139088890625 0.5286611031249999 0.5948494281250001 0.5268760140625 0.5811504546874999 0.520628209375 0.5853197140625
1 0.51315921875 0.5336457234374999 0.5075953921874999 0.5366834953125 0.5094508890625 0.5512669156250001 0.5156882671874999 0.5412401609375 0.51315921875 0.5336457234374999