1 0.42740046875 0.1331967234375 0.42740046875 0.18662178125 0.4339871203125 0.18662178125 0.4339871203125 0.131733021875 0.42740046875 0.1331967234375
1 0.5369718296875 0.12076207187500002 0.5168511078125 0.12139084375 0.5181086515625 0.22513832968749997 0.5218812859375 0.23708500937500002 0.5357142859375 0.2358274640625 0.5369718296875 0.12076207187500002
1 0.552062375 0.12013329843750001 0.552691146875 0.193699696875 0.558350103125 0.1930709234375 0.558350103125 0.12076207187500002 0.552062375 0.12013329843750001
1 0.47364982656250004 0.411585365625 0.47637195156249995 0.4072299640625 0.47637195156249995 0.3135888484375 0.483449478125 0.2945339734375 0.4627613265625 0.29507839687500004 0.46167247343750006 0.4023301390625 0.4654834515625 0.411585365625 0.47364982656250004 0.411585365625
1 0.44261759375 0.4921602765625 0.4453397234375 0.48834930312499997 0.4507839734375 0.3881750890625 0.4507839734375 0.2907229953125 0.43717334374999994 0.28092334375 0.43717334374999994 0.3473432046875 0.4295513921875 0.348432053125 0.42682926718749997 0.5052264828124999 0.44261759375 0.4921602765625
1 0.5702967812499999 0.7369341031250001 0.576584509375 0.7369341031250001 0.5759557359375 0.6080357140625 0.5715543265624999 0.5099471828125 0.5665241421875 0.445183603125 0.5614939640625 0.445183603125 0.5621227359375001 0.522522634375 0.5658953703125 0.6331866203125001 0.5702967812499999 0.7369341031250001
1 0.45020120468749997 0.5791121734375 0.45020120468749997 0.6300427546875 0.4558601609375 0.6300427546875 0.45523138906250005 0.5791121734375 0.45020120468749997 0.5791121734375
1 0.4426691734375 0.49953007656250004 0.43703007656250004 0.49953007656250004 0.43703007656250004 0.5493421078125 0.44125939687500004 0.54981203125 0.4426691734375 0.49953007656250004
1 0.5495472859375 0.8324949687500001 0.558350103125 0.8098591562499999 0.5577213265625 0.7513832984375 0.5508048296875 0.6482645890625001 0.5369718296875 0.6375754515625001 0.537600603125 0.59293259375 0.5168511078125 0.59293259375 0.5174798796875 0.784079478125 0.5363430578124999 0.784079478125 0.5495472859375 0.8324949687500001
1 0.4288229375 0.8117454734375 0.43070925468750004 0.9205231390625 0.44831488906250005 0.9205231390625 0.447686115625 0.8161468796875001 0.4288229375 0.8117454734375
1 0.46089034375000004 0.785337021875 0.46214788906250004 0.835638834375 0.4703219328125 0.8350100625 0.4703219328125 0.785337021875 0.46089034375000004 0.785337021875
1 0.4803822953125 0.748868209375 0.4816398390625 0.8582746468750001 0.48792756718749997 0.8582746468750001 0.48792756718749997 0.7482394375 0.4803822953125 0.748868209375
1 0.577842053125 0.8727364203124999 0.5658953703125 0.864562375 0.5658953703125 0.8802816921875 0.5715543265624999 0.9205231390625 0.576584509375 0.9205231390625 0.577842053125 0.8727364203124999