1 0.3476731609375 0.2052218609375 0.352408009375 0.22483766093750002 0.3551136390625 0.24648268281250002 0.3185876609375 0.1991342015625 0.305735928125 0.1991342015625 0.2996482671875 0.1991342015625 0.3862283578125 0.31074134375 0.4126082234375 0.30533008437500003 0.4247835484375 0.2870670984375 0.3476731609375 0.2052218609375
1 0.354437228125 0.302624459375 0.3591720765625 0.2945075765625 0.3395562765625 0.26406926406250003 0.3287337671875 0.260010821875 0.354437228125 0.302624459375
1 0.4045078390625 0.400587978125 0.403418990625 0.41855400937500004 0.42682926718749997 0.44305313437500005 0.432817946875 0.432164634375 0.4132186421875 0.3989547046875 0.4045078390625 0.400587978125
1 0.3342770046875 0.3516768296875 0.356054009375 0.3941419859375 0.36204268281249996 0.3935975625 0.361498259375 0.3832534828125 0.3391768296875 0.3516768296875 0.3342770046875 0.3516768296875
1 0.6270579281249999 0.4431402453125 0.5998366734375 0.416463415625 0.593303571875 0.416463415625 0.5960256968750001 0.43225174062500005 0.6466572328125 0.5052047046875 0.6570013078125 0.51282665625 0.6651676828124999 0.500849303125 0.6270579281249999 0.4431402453125
1 0.5573715171875 0.6369664640625 0.5715265671875 0.6396885890624999 0.5709821421875 0.6217225625 0.5012957328125001 0.49487151718750005 0.487140678125 0.488338415625 0.4865962546875 0.5084821421875 0.5268837093750001 0.5830683796875 0.5573715171875 0.6369664640625
1 0.5628157671875 0.5596581031250001 0.564449040625 0.544958625 0.519261759375 0.464383709375 0.508373259375 0.4638392859375 0.5056511343750001 0.4790831875 0.553016115625 0.5607469515625 0.5628157671875 0.5596581031250001
1 0.640668553125 0.528081446875 0.6265135 0.5030378921875001 0.6080030484375001 0.5139263921875 0.6237913749999999 0.539514375 0.640668553125 0.5400587984375 0.640668553125 0.528081446875
1 0.7058270671875 0.6645112765625 0.7166353390625 0.686127821875 0.7326127812500001 0.6927067671875 0.7330827046875 0.6743797015624999 0.7053571421875 0.6306766921875 0.67481203125 0.583684209375 0.6654135359375 0.5785150359375 0.661654134375 0.5893233078125 0.7058270671875 0.6645112765625
1 0.8176691734375 0.7599060140625 0.7406015046875 0.6560526296875 0.7335526296875 0.6560526296875 0.7326127812500001 0.6678007499999999 0.7720864640625 0.741109021875 0.801691728125 0.776353384375 0.8214285718750001 0.7791729328125 0.8176691734375 0.7599060140625
1 0.8474824375000001 0.7672716609375 0.8423594859374999 0.7680035140625 0.8387002328125 0.778249415625 0.954332553125 0.990485946875 0.9594555046875 0.990485946875 0.9557962546875001 0.9677985937500001 0.8474824375000001 0.7672716609375
1 0.7457552671875 0.8616803265625 0.7003805625 0.7848360671875 0.6901346609375001 0.7841042140625001 0.683548009375 0.7936182671875 0.73258196875 0.8821721296874999 0.7501463703125 0.8843676828125 0.7501463703125 0.8697306781249999 0.7457552671875 0.8616803265625
1 0.8774882906249999 0.930474240625 0.848946134375 0.862412178125 0.8299180312500001 0.833870021875 0.8006440265625001 0.8119145171875 0.8196721296874999 0.8543618265624999 0.8401639328125 0.896809134375 0.878951990625 0.9575526921874999 0.884806790625 0.9546252953125001 0.8774882906249999 0.930474240625
1 0.6627263578125 0.898138834375 0.6338028171875 0.8472082500000001 0.6237424546875 0.847837021875 0.62940140625 0.8673289734375 0.691021125 0.981136821875 0.697937625 0.982394365625 0.697937625 0.9629024156250001 0.6627263578125 0.898138834375
1 0.8797909421875 0.9602460796875001 0.8650914640625 0.9673236078125 0.8770688171875 0.9989002640625 0.912456446875 0.9994446874999999 0.8966681203125001 0.9760344062499999 0.8928571421875 0.9635126296875001 0.889046165625 0.9602460796875001 0.8797909421875 0.9602460796875001
1 0.9021123703124999 0.9733122812499999 0.9179006968750001 0.9999891109375 0.9380444234375 1 0.93205575 0.9749455578124999 0.920078396875 0.9613349281250001 0.9026567953125 0.96242378125 0.9021123703124999 0.9733122812499999
1 0.2490601515625 0.11027568750000001 0.2490601515625 0.1000939859375 0.259241853125 0.096177946875 0.2553258125 0.0844298265625 0.231046365625 0.0844298265625 0.2200814546875 0.0977443609375 0.2192982453125 0.1431704234375 0.23966165625000002 0.1549185453125 0.24671052656249998 0.1533521296875 0.2490601515625 0.14003759375 0.26707393281249997 0.141604009375 0.2694235578125 0.1220238078125 0.2490601515625 0.11027568750000001