1 0.45890017031249997 0.871190540625 0.454600009375 0.8708461828124999 0.45442796875 0.8822097046874999 0.4511598390625 0.8844479828124999 0.4511598390625 0.8949506515625 0.44513955312500003 0.8968445718750001 0.4458275890625 0.9348951781249999 0.4480636921875 0.9412656421875001 0.45047179843749996 0.9443647859375 0.454771990625 0.9471195796874999 0.45546 0.908380271875 0.4590721515625 0.9057976515625 0.46062024062500007 0.8882358296874999 0.45890017031249997 0.871190540625
1 0.4403264328125 0.8468289421874999 0.43740232656250005 0.8480341656249999 0.4372303125 0.85061678125 0.43705827656249996 0.8545767953125001 0.43705827656249996 0.8587089859375 0.43499418749999996 0.8599142140625 0.4320700796875 0.8624968265625 0.430530946875 0.9226904156250001 0.43716628125 0.9261011968749999 0.4393346875 0.8954043437499999 0.44243240625 0.8888928921874999 0.441193321875 0.8495141203125 0.4403264328125 0.8468289421874999
1 0.49910155312500004 0.959833946875 0.49325328125 0.9581122015625001 0.492049240625 0.9567348078125001 0.49273728125 0.9508808578125001 0.49239323281249997 0.943305178125 0.49256526718750004 0.9395173437500001 0.49256526718750004 0.9336633921875 0.49308127187500006 0.9262598921875 0.49308127187500006 0.922472053125 0.49170525 0.92023378125 0.48207281718750006 0.924882490625 0.48155681250000004 0.935385146875 0.4819008078125 0.945026915625 0.4819008078125 0.949675634375 0.48207281718750006 0.9613835171874999 0.48207281718750006 0.9682705 0.48207281718750006 0.9784287984375 0.48207281718750006 0.980667071875 0.49170525 0.9817001203125001 0.4985855265625 0.9804948921875001 0.500133584375 0.9777401031249999 0.50030559375 0.9667209203124999 0.50030559375 0.9629330796875 0.49910155312500004 0.959833946875
1 0.4631627015625 0.95363565625 0.46488274062499996 0.9653435265624999 0.47141900000000003 0.9622443890625 0.47279507968749995 0.9023276203125 0.46505478125 0.899745009375 0.46127056718750004 0.9097311203125 0.462130615625 0.9212668171875 0.4624746609375 0.935385146875 0.4631627015625 0.95363565625
1 0.5130257546875 0.8804522499999999 0.5133232765625 0.887876271875 0.5124307359375 0.9036598843749999 0.5082655140625 0.9054467046875001 0.507670490625 0.9825779156250001 0.513620771875 0.9825779156250001 0.518083490625 0.9819823124999999 0.5216536656249999 0.981386696875 0.5258188890625 0.9807910937500001 0.5284965171875 0.9784086656250001 0.5320666921874999 0.9691767406249999 0.5332567328125 0.9274841968749999 0.535934365625 0.9190164734374999 0.5350418218749999 0.901148240625 0.5365294109375001 0.8948943578125 0.53533934375 0.8828346874999999 0.5273064515625 0.8801544515625 0.5130257546875 0.8804522499999999
1 0.5149776875 0.8707733265625001 0.517503228125 0.8821490671875001 0.5250798609375 0.8834130312499999 0.5250798609375 0.8644534859374999 0.5263426609375 0.8448619546874999 0.5263426609375 0.8265343796875 0.516871803125 0.8265343796875 0.5149776875 0.8461258968750001 0.5149776875 0.8707733265625001
1 0.5389704328125 0.787983303125 0.5396018078125 0.7690237453125001 0.53139375 0.7645998265625 0.5282368296875 0.7759755671875 0.5265273078125 0.7916994109375 0.53455071875 0.798727021875 0.5389704328125 0.787983303125
1 0.4581527046875 0.7538561078125 0.4619410484375 0.7911432046875 0.4711025984375 0.78914134375 0.470780478125 0.75828 0.47583156718749997 0.75828 0.477094365625 0.72225684375 0.4632037953125 0.7209928484375 0.4663607640625 0.7494321875 0.4581527046875 0.7538561078125
1 0.49525693750000005 0.6278166109375001 0.497706625 0.6554017640625001 0.4989314421875 0.6780828609375 0.5050556921875 0.6811478921874999 0.511792396875 0.6713398390624999 0.511792396875 0.6474327140625 0.5130172187500001 0.634559646875 0.5209786921874999 0.6198475890624999 0.5228159734375 0.6124915265624999 0.5258781703125 0.6014574859375 0.5258781703125 0.5891974156249999 0.52465325 0.5726463296875 0.5179166421875 0.5628382640625 0.5124048078125 0.5726463296875 0.509342709375 0.586132375 0.5087302499999999 0.5990054546875 0.503218459375 0.6124915265624999 0.49586934375 0.6210735625 0.49525693750000005 0.6278166109375001
1 0.551934634375 0.58721346875 0.551934634375 0.576179428125 0.5507098171875 0.56085434375 0.5500973578125 0.5455292593750001 0.54336075 0.5387862359375 0.542748290625 0.54185125 0.5396861921875 0.546142271875 0.534174353125 0.5510462765625 0.5329495359374999 0.5596283390625 0.5329495359374999 0.576179428125 0.5384613218750001 0.5982475359375 0.5481919234375 0.600284375 0.551934634375 0.58721346875
1 0.5007687234375 0.5720333171875 0.5013811828125 0.56222525 0.49831903593750004 0.557934259375 0.49341965625000006 0.5597732718749999 0.4897450984375 0.5695812859375 0.4891326875 0.584906396875 0.4891326875 0.5922624328125 0.490357509375 0.5959404375 0.49341965625000006 0.6002314828124999 0.49648175468750005 0.6039094859375 0.50104853125 0.6035926828125 0.5007687234375 0.586745415625 0.5007687234375 0.5720333171875
1 0.47627178593749997 0.5885844015624999 0.47627178593749997 0.5775503609375 0.4756593265625 0.5609992765625 0.472597228125 0.5573212453124999 0.46708538906249997 0.5634512765624999 0.46708538906249997 0.5738723296875 0.46341082968749997 0.5904234203125001 0.464023290625 0.6002314828124999 0.46769779843750003 0.6137175265625 0.4738220453125 0.6210735625 0.4745820625 0.6159988390625 0.4744345046875 0.59839246875 0.47627178593749997 0.5885844015624999
1 0.5127395140625 0.37724323593750003 0.5115146421875 0.392568321875 0.5133519234375 0.40911940625 0.5133519234375 0.42689649531249996 0.513964384375 0.43547853593749997 0.5170264328124999 0.444060571875 0.5151891515625 0.45693365156250004 0.5127395140625 0.46122464687500003 0.507227678125 0.47041969687499996 0.5047779859375 0.48267979062500005 0.5047779859375 0.49187484374999996 0.5047779859375 0.511490946875 0.505390396875 0.5268160046875 0.5060028578125 0.5458190984375 0.5066152671874999 0.5568531515624999 0.5182513531249999 0.5599181921875 0.5213134515625 0.553175134375 0.520700990625 0.531720040625 0.5194761703124999 0.5121039328125 0.5182513531249999 0.49187484374999996 0.5182513531249999 0.472871728125 0.5188637093749999 0.4618376875 0.5243755484375 0.45570762499999995 0.529274978125 0.4452865984375 0.5311122546875 0.4311875140625 0.5317246156250001 0.419540459375 0.5323370765625 0.4048283890625 0.5317246156250001 0.3833732671875 0.529887384375 0.37785625 0.5194761703124999 0.37417821875 0.5127395140625 0.37724323593750003
1 0.5494849953125 0 0.5482600765625001 0.0123280890625 0.5482600765625001 0.0276532015625 0.54764771875 0.0417522328125 0.5470353078125 0.055851343750000004 0.5464227984375001 0.0754674203125 0.5464227984375001 0.0907925046875 0.5458104374999999 0.11040861093750001 0.5445855671875 0.1281857015625 0.53049984375 0.1324767453125 0.5237631390625 0.1392197671875 0.529274978125 0.1490278296875 0.529887384375 0.161287875 0.520700990625 0.16496590625000002 0.513964384375 0.1747739421875 0.523150728125 0.179677978125 0.5268252859375 0.1888730265625 0.5274376968750001 0.204811103125 0.5323370765625 0.21523215156250003 0.534174353125 0.2133931390625 0.5421358796875 0.202359071875 0.5445855671875 0.2127801515625 0.536624040625 0.236687271875 0.5256004203125 0.25569036562499997 0.5188637093749999 0.27408045468750003 0.5158016109375 0.329250759375 0.5219258609375 0.3298637640625 0.5256004203125 0.3053436109375 0.529274978125 0.2832755046875 0.5329495359374999 0.2673374328125 0.5378489109375 0.260594396875 0.5488725359375 0.2464953125 0.551934634375 0.24097829062499998 0.5537719156249999 0.2201361875 0.5543843749999999 0.1980680796875 0.5574464734375 0.1704829234375 0.5605086203125 0.156996853125 0.5647955359375 0.1665150046875 0.565408 0.18122707656249998 0.5647955359375 0.1934871921875 0.5635707671875 0.20942529531249998 0.561733490625 0.2370104203125 0.564183178125 0.25294846875 0.5635707671875 0.27011259375 0.55928375 0.2860506921875 0.5549967812500001 0.29279371875 0.551934634375 0.3019887671875 0.551934634375 0.3148618265625 0.551934634375 0.334477928125 0.551934634375 0.3565460359375 0.55254709375 0.37800115624999997 0.5605086203125 0.3951652328125 0.5678577359375 0.33047676406250004 0.5770440796874999 0.20665011562500002 0.5807186390625 0.1189906734375 0.5892925765625 0 0.5494849953125 0
1 0.507227678125 0.0901795171875 0.507840084375 0.10427857656249999 0.507840084375 0.11837766093749999 0.5102898265625 0.129411728125 0.5182513531249999 0.122668678125 0.5182513531249999 0.1030525765625 0.5219258609375 0.0773064375 0.5188637093749999 0.06198132656250001 0.509677365625 0.0742414203125 0.507227678125 0.0901795171875