1 0.036458334375 0.49479166562500004 0.001116071875 0.4892113078125 0 0.533854165625 0.053199406250000005 0.5357142859375 0.10714285781249999 0.554315478125 0.1201636921875 0.5078125 0.09226190625 0.49851190624999997 0.036458334375 0.49479166562500004
1 0.869791665625 0.5803571421875 0.8846726203124999 0.6008184515625 0.9125744062500001 0.6026785718750001 0.9516369062500001 0.6026785718750001 0.9516369062500001 0.5877976203124999 0.9274553578125 0.5822172640625001 0.908854165625 0.5747767859375 0.869791665625 0.5803571421875
1 1 0.6398809515625 0.9404761921875 0.638020834375 0.9069940484375 0.6361607140625 0.9032738078125 0.656622021875 0.9423363078125 0.6622023796875001 1 0.6696428578125 1 0.6398809515625
1 0.7337962953125 0.5539021156249999 0.6941137546875 0.5472883609375 0.6593915359375 0.540674603125 0.6197089953125 0.5373677234375001 0.5800264546875 0.53240740625 0.5436507953125 0.5257936515625 0.507275134375 0.5224867718749999 0.4527116390625 0.5142195765625 0.429563490625 0.5175264546875 0.41964285781250005 0.5456349203124999 0.429563490625 0.560515875 0.477513228125 0.5654761921875 0.5039682546875001 0.5671296296875 0.5403439156250001 0.570436509375 0.555224865625 0.5671296296875 0.59490740625 0.5572089953125 0.6362433890625 0.56382275 0.6808862453125 0.572089946875 0.71891534375 0.5753968265625 0.7552910046875 0.5737433890625 0.770171959375 0.5588624328125 0.7337962953125 0.5539021156249999
1 0.6875 0.5189732140625 0.6856398796875001 0.5282738078125 0.7098214281249999 0.533854165625 0.75632440625 0.5412946421875 0.7619047640625001 0.5226934515625 0.7247023796875001 0.520833334375 0.6875 0.5189732140625
1 0.3253968265625 0.540674603125 0.302248678125 0.540674603125 0.2625661390625 0.5191798921874999 0.2311507953125 0.520833334375 0.24768518281250002 0.5472883609375 0.2691798921875 0.5472883609375 0.3121693125 0.560515875 0.3468915359375 0.560515875 0.3253968265625 0.540674603125
1 0.363182771875 0.6144957984375 0.381565125 0.6184348749999999 0.4235819328125 0.606617646875 0.3894432765625 0.606617646875 0.35793067343749996 0.600052521875 0.32773109375 0.5934873921875 0.2962184859375 0.5882352953125001 0.25288865625 0.5829831921874999 0.224002103125 0.5816701703125 0.1990546203125 0.5764180671875 0.2266281515625 0.589548321875 0.2581407546875 0.5948004203124999 0.2791491609375 0.5987394953125 0.2922794109375 0.6026785718750001 0.318539915625 0.606617646875 0.34086134375 0.613182771875 0.363182771875 0.6144957984375
1 0.37834821406249997 0.5033482140625 0.32477678593750003 0.5033482140625 0.34821428593750003 0.5100446421875 0.35491071406249997 0.5189732140625 0.415178571875 0.5167410718750001 0.412946428125 0.5122767859375 0.39508928593750003 0.5055803578125 0.37834821406249997 0.5033482140625
1 0.833002646875 0.664682540625 0.8098544953125 0.663029103125 0.7685185171875 0.65476190625 0.7321428578125 0.6382275140625 0.7123015890625 0.6382275140625 0.7040343921875001 0.6498015890625 0.708994709375 0.65806878125 0.7536375671875 0.6729497359375001 0.7966269828125 0.677910053125 0.8363095218750001 0.677910053125 0.8908730171875 0.6762566109375 0.854497353125 0.65476190625 0.833002646875 0.664682540625
1 0.6064814828125 0.663029103125 0.603174603125 0.6812169328125 0.6412037046875 0.6845238078125 0.6412037046875 0.6729497359375001 0.6676587328125 0.65806878125 0.7023809515625 0.6613756609375 0.697420634375 0.6415343921875001 0.634589946875 0.6316137546875 0.6164021156249999 0.6448412671875 0.570105821875 0.6365740765625 0.5783730171875 0.65806878125 0.6064814828125 0.663029103125
1 0.2129629640625 0.3720238078125 0.1931216921875 0.365410053125 0.178240740625 0.3587962953125 0.1683201078125 0.352182540625 0.15839946875 0.3488756609375 0.1385582015625 0.34391534375 0.100529103125 0.3389550265625 0.0823412671875 0.3389550265625 0.115410053125 0.350529103125 0.145171959375 0.3687169328125 0.10714285781249999 0.365410053125 0.0806878296875 0.365410053125 0.11210317343750001 0.3786375671875 0.13690476406250002 0.385251321875 0.1716269828125 0.385251321875 0.20304232656250001 0.3918650796875 0.2328042328125 0.398478834375 0.2625661390625 0.40509259374999995 0.2972883609375 0.41335979062500006 0.33201057968750003 0.4183201078125 0.365079365625 0.426587303125 0.40641534375 0.43320105781249996 0.477513228125 0.4431216921875 0.5039682546875001 0.4497354515625 0.5750661390625 0.459656084375 0.634589946875 0.46626983906249997 0.6825396828125 0.479497353125 0.740410053125 0.479497353125 0.6825396828125 0.4530423265625 0.6296296296875 0.44146825468750006 0.573412696875 0.43650793749999994 0.5320767187500001 0.42989417812499997 0.5056216921875001 0.428240740625 0.4659391515625 0.4216269828125 0.429563490625 0.41666666562500004 0.3931878296875 0.40674603125 0.351851853125 0.4001322765625 0.3121693125 0.3935185171875 0.28571428593750003 0.3902116390625 0.2625661390625 0.381944446875 0.23611111093749998 0.3802910046875 0.2129629640625 0.3720238078125
1 0.358498678125 0.24470899531249998 0.328736771875 0.229828040625 0.29897486562500003 0.2248677234375 0.2725198390625 0.2132936515625 0.23779762031249999 0.20337301718749998 0.219609790625 0.1901455046875 0.1633928578125 0.1686507953125 0.141898146875 0.16369047812499998 0.1121362453125 0.17195767343749999 0.08733465625 0.1521164015625 0.003009259375 0.1372354515625 0 0.24636243281249998 0.057539682812500006 0.2232142859375 0.10714285781249999 0.23644179843750002 0.148478834375 0.24470899531249998 0.226190478125 0.2662037046875 0.28075396874999997 0.28108465625 0.335317459375 0.2976190484375 0.439484125 0.32903439218749997 0.510582009375 0.3373015890625 0.5353835984375 0.3488756609375 0.5667989421875 0.35548942031249997 0.5965608484375 0.3587962953125 0.6213624328125 0.34226190624999997 0.6726190484375 0.3571428578125 0.695767196875 0.3571428578125 0.7751322765624999 0.3753306875 0.8693783078124999 0.3885582015625 0.884259259375 0.3802910046875 0.8759920625 0.3687169328125 0.9388227499999999 0.3786375671875 0.9570105796874999 0.3720238078125 0.8974867718749999 0.3621031734375 0.9090608484375 0.3373015890625 0.930555553125 0.3389550265625 0.930555553125 0.3240740765625 0.8759920625 0.3191137546875 0.8759920625 0.304232803125 0.8528439156250001 0.29596560781250003 0.8179894203125 0.2943121703125 0.783267196875 0.2926587328125 0.7468915359375 0.29596560781250003 0.7088624328125 0.29596560781250003 0.672486771875 0.289351853125 0.6493386250000001 0.2876984109375 0.6245370359375 0.2876984109375 0.578240740625 0.2860449734375 0.535251321875 0.2860449734375 0.5054894203125 0.2761243390625 0.44447751406249997 0.2678571421875 0.40810185312499997 0.259589946875 0.358498678125 0.24470899531249998
1 0.37611607187499996 0.3805803578125 0.37834821406249997 0.390625 0.40848214218749995 0.40290178593750003 0.42522321406249997 0.40625 0.446428571875 0.40848214218749995 0.46428571406249997 0.40178571406249997 0.49776785781250005 0.39397321406249997 0.47879464218749995 0.3850446421875 0.462053571875 0.3828125 0.44754464218749995 0.3772321421875 0.44308035781250005 0.3616071421875 0.42745535781250005 0.35044642812500004 0.41071428593750003 0.35044642812500004 0.3962053578125 0.35491071406249997 0.3883928578125 0.3459821421875 0.37946428593750003 0.33705357187499996 0.35602678593750003 0.33705357187499996 0.34709821406249997 0.3381696421875 0.35491071406249997 0.3571428578125 0.37388392812500004 0.36383928593750003 0.37611607187499996 0.3805803578125
1 0.163359790625 0.4563492046875 0.163359790625 0.4315476203125 0.1203703703125 0.428240740625 0.0773809515625 0.4232804234375 0.03273809375 0.4183201078125 0.041005290625 0.43650793749999994 0.0790343921875 0.43816137499999996 0.10879629531249999 0.44146825468750006 0.1501322765625 0.446428571875 0.163359790625 0.4563492046875