1 0.346348375 0.45536695937499994 0.3326657859375 0.4539281203125 0.34041008437500003 0.46527551406249995 0.3679524828125 0.466877865625 0.39459753124999997 0.46184182968750004 0.398198228125 0.44961154062500003 0.3801948171875 0.45320867031249995 0.346348375 0.45536695937499994
1 0.1537257359375 0.47248162968749996 0.1440815671875 0.47176792343749996 0.143009990625 0.4817594859375 0.1701565453125 0.48390053593750004 0.18551577187499999 0.48283001406250003 0.1983746703125 0.483186865625 0.21221657968750002 0.48097073281249997 0.21301952656249998 0.47176792343749996 0.183372625 0.47248162968749996 0.1537257359375 0.47248162968749996
1 0.0463319234375 0.55439340625 0.026686396875 0.549040790625 0.0009686031249999999 0.5493976078125 0 0.560459696875 0.002040178125 0.5622438890625 0.012398740625 0.56010284375 0.014899076562499999 0.561887071875 0.015700571875 0.560819446875 0.026329209375000003 0.561173365625 0.0431172015625 0.5586755 0.0463319234375 0.55439340625
1 0.0006114203125 0.4698220578125 0.0002542140625 0.47588834375 0.0033911828125 0.4825770796875 0.014541889062499999 0.4823114859375 0.026329209375000003 0.4826683390625 0.035258990625 0.483382009375 0.040974053125 0.4826683390625 0.040974053125 0.47588834375 0.0388309015625 0.4694652046875 0.032758656250000004 0.46875153125 0.026686396875 0.4683946828125 0.0188281875 0.46661048593750004 0.012398740625 0.467681009375 0.009184014062499999 0.46910835312500004 0.0006114203125 0.4698220578125
1 0.0048977140625 0.48730725 0 0.48980514687500004 0.00232028125 0.5007823703125001 0.018113798437500002 0.500510384375 0.0245432453125 0.500510384375 0.027043579687500003 0.490518821875 0.017399410937500002 0.48873462500000003 0.0048977140625 0.48730725
1 0.10598293750000001 0.549040790625 0.102411009375 0.548327084375 0.09205246406249999 0.5479702671875 0.08490861093749999 0.5465428890624999 0.07669321875 0.545472365625 0.06883499062500001 0.5472565625 0.06133396875 0.550468134375 0.0556189109375 0.55153865625 0.053723454687500005 0.5618236421875 0.063834321875 0.56153021875 0.0681206203125 0.5622438890625 0.0724069203125 0.56010284375 0.078479165625 0.56010284375 0.08705176406250001 0.559746021875 0.09419561562499999 0.5593891703125 0.1009822328125 0.559746021875 0.10955482968750001 0.5593891703125 0.11491270468749999 0.5536797015625 0.113483959375 0.5522523609375 0.10598293750000001 0.549040790625
1 0.0506182234375 0.44448631250000004 0.0295439328125 0.44555683906250004 0 0.4452000171875 0.0016829906249999998 0.4580462984375 0.002040178125 0.45875996875 0.040259678125 0.4569757765625 0.0706209546875 0.456262071875 0.07097814218750001 0.44341579062500003 0.0506182234375 0.44448631250000004
1 0.1762821421875 0.560459696875 0.164494821875 0.55582075 0.1477068125 0.556891271875 0.1447499109375 0.5650363390625001 0.16163728593749999 0.572949125 0.174496178125 0.571164928125 0.179854053125 0.5658123125000001 0.1762821421875 0.560459696875
1 0.3683499328125 0.5179956109375 0.3576341875 0.5179956109375 0.3483471828125 0.5169250843750001 0.3487043890625 0.509074571875 0.336202678125 0.5080040484375 0.3244153578125 0.506219853125 0.2983403796875 0.5080040484375 0.2801236078125 0.506933521875 0.2686934734375 0.506933521875 0.26440717343750003 0.518352428125 0.2647643609375 0.5201366562499999 0.2858386703125 0.5194229515625 0.3040554375 0.5226345218749999 0.31834309375 0.5251324234375 0.329773228125 0.52727346875 0.33727425 0.5294145171875 0.3469184421875 0.531912415625 0.358705759375 0.531912415625 0.374064978125 0.531912415625 0.3901385984375 0.526916615625 0.3919245765625 0.5244187499999999 0.37477937968749997 0.5244187499999999 0.3683499328125 0.5179956109375
1 0.3625673390625 0.5665259828125 0.41614607187499997 0.56295759375 0.4200751703125 0.5579617953125 0.4179320171875 0.5501113125 0.41507449531249996 0.541903946875 0.40757347343749994 0.538335553125 0.3947145796875 0.5394060796875 0.3807841078125 0.544044990625 0.36542486093750004 0.549040790625 0.3618529515625 0.5650986390625 0.3625673390625 0.5665259828125
1 0.3668536390625 0.499796709375 0.3754262359375 0.49480091562500006 0.382570053125 0.49230304843750006 0.39078546875 0.49301671875 0.39971524999999997 0.491946196875 0.40078682656250003 0.484809384375 0.3811412953125 0.4826683390625 0.367568009375 0.486236728125 0.3604241921875 0.490518821875 0.3500656296875 0.49480091562500006 0.3514943890625 0.50015353125 0.3668536390625 0.499796709375
1 0.5185925171875 0.5201366562499999 0.531451415625 0.5194229515625 0.5403812140625 0.5194229515625 0.5510969593749999 0.518352428125 0.561812709375 0.519066134375 0.56824215625 0.5226345218749999 0.5800294781249999 0.5208503296875 0.5878877015625 0.5179956109375 0.5932455765625 0.5197798031249999 0.6028897453125001 0.51728190625 0.605032896875 0.505863 0.603246915625 0.49908300937499994 0.5339517671875 0.498369334375 0.5282366921875 0.5080040484375 0.516806571875 0.5108587640625 0.5085911609375 0.5080040484375 0.5089483484375 0.4994398609375 0.4457254421875 0.49729881249999996 0.4367956609375 0.50158090625 0.4178645 0.5037219546875 0.39855308906250003 0.50238871875 0.398933353125 0.511929290625 0.4171501203125 0.5108587640625 0.42036484375 0.5179956109375 0.42572272812499995 0.5222777046875 0.44322510781249996 0.520493478125 0.4492973703125 0.507647196875 0.46037030312500005 0.507290375 0.4953750796875 0.506219853125 0.49858980312499995 0.5179956109375 0.5085911609375 0.5201366562499999 0.5185925171875 0.5201366562499999
1 0.6260059109375 0.561887071875 0.7324490046875 0.5593891703125 0.731377428125 0.554036553125 0.7156609781250001 0.554750228125 0.7085171609375001 0.548327084375 0.7006589328125 0.544044990625 0.6792274421875 0.544044990625 0.6474374015625 0.544044990625 0.6277918578125 0.54582921875 0.6255837765625001 0.5553982453125 0.6260059109375 0.561887071875
1 0.7235192046875001 0.499796709375 0.72459078125 0.49230304843750006 0.7042308609375 0.492659865625 0.687085665625 0.492659865625 0.6670829328125001 0.491946196875 0.6592247234374999 0.493373571875 0.6619943609375001 0.50238871875 0.6856568890625 0.5022945796875 0.7099459203125 0.5033651031249999 0.7235192046875001 0.499796709375
1 0.7173794234375 0.5197798031249999 0.7527413890625 0.5201366562499999 0.7630999515625 0.514070334375 0.7605995984375 0.506933521875 0.7409540671875 0.506933521875 0.7202369640625 0.505863 0.7173794234375 0.5197798031249999
1 0.8678679109375 0.5372128703125 0.8448020406250001 0.535292603125 0.8127661296875001 0.5391331421875 0.791622415625 0.5551354109375 0.878760165625 0.5557754640625 0.8806823218750001 0.549374603125 0.876838009375 0.53849303125 0.8678679109375 0.5372128703125
1 0.7826523437499999 0.49304665625000005 0.7929038296875001 0.51160925 0.777526584375 0.5192903296875 0.8012331921875001 0.521850709375 0.8191733031249999 0.5244110890625 0.8473649328124999 0.5224908218750001 0.865305071875 0.5301719015625 0.878760165625 0.52569125 0.8685086468750001 0.51865028125 0.8621014421875 0.5000876296875 0.8531314015625 0.49624708906250004 0.8364727046875 0.49304665625000005 0.8114846828125 0.49304665625000005 0.7826523437499999 0.49304665625000005
1 0.9370655171875001 0.5244110890625 0.959490709375 0.5269714109375 0.9787122671875 0.521850709375 0.9787122671875 0.5122493609375 0.9710236421875 0.5103290890625 0.9447541421875 0.5109692015625 0.9159218031249999 0.5103290890625 0.9031074515625 0.51160925 0.8960595671875 0.5224908218750001 0.9118084234375001 0.5300088796875 0.9370655171875001 0.5244110890625
1 0.96846075 0.5288916828125 0.9550056609375 0.5263313609375 0.9325805265625 0.527611521875 0.918484696875 0.5308119515625 0.9146898390624999 0.543455490625 0.9377062593750001 0.542333571875 0.9582092328125 0.543613790625 0.9735864781249999 0.5429736828125 0.96846075 0.5288916828125
1 0.9643052140625 0.46525704843750004 0.9499800484375 0.4593352046875 0.9430644109375 0.45143939218750007 0.8753903031249999 0.45785474062500003 0.87687221875 0.4711788921875 0.9391126562500001 0.4701918890625 0.9524498921875001 0.4785812015625 0.9702328703124999 0.4751267765625 0.9643052140625 0.46525704843750004
1 0.9152811249999999 0.4424795265625 0.9453948796875 0.4437597453125 0.9601313890625001 0.4424795265625 0.957568553125 0.43095790625 0.933861946875 0.4296777453125 0.91720328125 0.43223812500000003 0.9152811249999999 0.4424795265625
1 0.505302053125 0.4799612046875 0.43302250000000003 0.4777187953125 0.430765803125 0.48937609843749996 0.505302053125 0.48980402187500005 0.505302053125 0.4799612046875
1 0.9400854015625001 0.49367132968750005 0.9356183031249999 0.502894259375 0.9356183031249999 0.5076545046875001 0.9442547015624999 0.5085470453125 0.9603362640625001 0.5085470453125 0.9674836203125 0.5055718921875 0.9639099421875 0.505274396875 0.9564647640624999 0.49575391093750004 0.9463393437500001 0.4927787859375 0.9400854015625001 0.49367132968750005
1 0.872703396875 0.48742257968749997 0.8670450765625001 0.492480321875 0.8735968171874999 0.50170328125 0.8837222406249999 0.49991819218750005 0.8911674156249999 0.496943040625 0.89146521875 0.48950516562499996 0.8798507593749999 0.4877200796875 0.872703396875 0.48742257968749997