1 0.5211636390625001 0.19054434375 0.518736771875 0.069969146875 0.4859481609375 0.072664615625 0.499981571875 0.20932781718750001 0.5211636390625001 0.19054434375
1 0.5603280765624999 0.16800040624999998 0.5621658968750001 0.071175509375 0.54051259375 0.068579 0.547204146875 0.1656819234375 0.5603280765624999 0.16800040624999998
1 0.347433 0.072381875 0.35128771406250003 0.1687638078125 0.3871770578125 0.13990059375 0.3809190453125 0.0689465625 0.347433 0.072381875
1 0.357715375 0.4913815140625 0.369972228125 0.5247026203125 0.37883146875 0.56275965625 0.40077222343749996 0.553900415625 0.39192240625 0.514495646875 0.3903531921875 0.3878792015625 0.40698782656250004 0.3862392984375 0.40284095156250005 0.2543167359375 0.384354353125 0.2462962953125 0.3540821421875 0.3978976828125 0.357715375 0.4913815140625
1 0.4226470046875 0.3817719828125 0.43704327187500003 0.4004046609375 0.4330848890625 0.2847020453125 0.42053586562499995 0.2731473296875 0.40993305312499995 0.321609259375 0.4226470046875 0.3817719828125
1 0.59359775 0.6005035000000001 0.586291 0.465210759375 0.5618637359374999 0.442751759375 0.5602352546875 0.5338825843749999 0.5687052046875001 0.766657853125 0.598461771875 0.7822600765625001 0.59359775 0.6005035000000001
1 0.4966202984375 0.76096121875 0.50516065625 0.8153746296875 0.5251922359375001 0.807761771875 0.530696021875 0.8361775937499999 0.535642696875 0.8778386250000001 0.5471890140625 0.896954946875 0.5572139859374999 0.885656571875 0.54635334375 0.6705375 0.5194405046874999 0.6437838296875 0.518764009375 0.5994780453125 0.493684740625 0.6162649015625 0.492738875 0.6756127359375 0.4966202984375 0.76096121875
1 0.4061047453125 0.6536251421875 0.41534302656250005 0.647031615625 0.4153246609375 0.5767527328125001 0.39139941093749997 0.5783750984375 0.3931687046875 0.6312794015625001 0.4061047453125 0.6536251421875
1 0.44073145937499997 0.904589228125 0.45609492031250004 0.9102583125000001 0.45438991093750003 0.7597367953124999 0.4406579953125 0.7590970359375 0.43299616093750004 0.7722228609374999 0.43658984375000004 0.795425696875 0.4272811609375 0.7961909640625 0.42184165625 0.8192499281250001 0.406276165625 0.8226599515625 0.406276165625 0.8809027453124999 0.427354625 0.880474196875 0.4316462328125 0.8685666734374999 0.44073145937499997 0.904589228125
1 0.3958226421875 0.8573387015625 0.36203772343749996 0.8455383171875 0.361927521875 0.9740997859375 0.39898471875 0.9739834640625 0.3958226421875 0.8573387015625
1 0.5695227546875 0.8944267546875 0.561640521875 0.9103565093749999 0.5670004375000001 0.968761540625 0.5833832328125 0.9721562546875001 0.5786018578125 0.9069801609375 0.5695227546875 0.8944267546875