1 0.499981571875 0.7906721828125 0.4859481609375 0.927335384375 0.518736771875 0.930030853125 0.5211636390625001 0.8094556562499999 0.499981571875 0.7906721828125
1 0.547204146875 0.8343180765625 0.54051259375 0.9314209999999999 0.5621658968750001 0.928824490625 0.5603280765624999 0.83199959375 0.547204146875 0.8343180765625
1 0.3809190453125 0.9310534374999999 0.3871770578125 0.86009940625 0.35128771406250003 0.8312361921875 0.347433 0.9276181250000001 0.3809190453125 0.9310534374999999
1 0.369972228125 0.47529737968749997 0.357715375 0.5086184859375 0.3540821421875 0.6021023171875 0.384354353125 0.7537037046874999 0.40284095156250005 0.7456832640625 0.40698782656250004 0.6137607015625 0.3903531921875 0.6121207984375 0.39192240625 0.48550435312499995 0.40077222343749996 0.446099584375 0.37883146875 0.43724034375 0.369972228125 0.47529737968749997
1 0.43704327187500003 0.5995953390625 0.4226470046875 0.6182280171875 0.40993305312499995 0.678390740625 0.42053586562499995 0.7268526703125 0.4330848890625 0.7152979546875 0.43704327187500003 0.5995953390625
1 0.5602352546875 0.46611741562500003 0.5618637359374999 0.557248240625 0.586291 0.534789240625 0.59359775 0.39949650000000003 0.598461771875 0.2177399234375 0.5687052046875001 0.23334214687500002 0.5602352546875 0.46611741562500003
1 0.530696021875 0.16382240625 0.5251922359375001 0.192238228125 0.50516065625 0.18462537031249998 0.4966202984375 0.23903878125000003 0.492738875 0.32438726406249996 0.493684740625 0.3837350984375 0.518764009375 0.40052195468749996 0.5194405046874999 0.3562161703125 0.54635334375 0.3294625 0.5572139859374999 0.11434342812500001 0.5471890140625 0.10304505312500001 0.535642696875 0.12216137499999999 0.530696021875 0.16382240625
1 0.41534302656250005 0.352968384375 0.4061047453125 0.3463748578125 0.3931687046875 0.3687205984375 0.39139941093749997 0.42162490156250004 0.4153246609375 0.42324726718749994 0.41534302656250005 0.352968384375
1 0.4406579953125 0.2409029640625 0.45438991093750003 0.2402632046875 0.45609492031250004 0.0897416875 0.44073145937499997 0.095410771875 0.4316462328125 0.1314333265625 0.427354625 0.11952580312500001 0.406276165625 0.11909725468750001 0.406276165625 0.1773400484375 0.42184165625 0.180750071875 0.4272811609375 0.2038090359375 0.43658984375000004 0.20457430312499997 0.43299616093750004 0.2277771390625 0.4406579953125 0.2409029640625
1 0.39898471875 0.0260165359375 0.361927521875 0.0259002140625 0.36203772343749996 0.1544616828125 0.3958226421875 0.1426612984375 0.39898471875 0.0260165359375
1 0.561640521875 0.089643490625 0.5695227546875 0.10557324531250001 0.5786018578125 0.0930198390625 0.5833832328125 0.0278437453125 0.5670004375000001 0.031238459375 0.561640521875 0.089643490625