1 0.4788363609375 0.8094556562499999 0.481263228125 0.930030853125 0.5140518390625 0.927335384375 0.500018428125 0.7906721828125 0.4788363609375 0.8094556562499999
1 0.43967192343750006 0.83199959375 0.437834103125 0.928824490625 0.45948740624999995 0.9314209999999999 0.45279585312500004 0.8343180765625 0.43967192343750006 0.83199959375
1 0.652567 0.9276181250000001 0.6487122859375 0.8312361921875 0.6128229421875 0.86009940625 0.6190809546875 0.9310534374999999 0.652567 0.9276181250000001
1 0.615645646875 0.7537037046874999 0.6459178578125 0.6021023171875 0.642284625 0.5086184859375 0.630027771875 0.47529737968749997 0.62116853125 0.43724034375 0.5992277765625 0.446099584375 0.60807759375 0.48550435312499995 0.6096468078124999 0.6121207984375 0.5930121734375 0.6137607015625 0.5971590484375 0.7456832640625 0.615645646875 0.7537037046874999
1 0.579464134375 0.7268526703125 0.590066946875 0.678390740625 0.5773529953125001 0.6182280171875 0.562956728125 0.5995953390625 0.5669151109375 0.7152979546875 0.579464134375 0.7268526703125
1 0.43813626406250006 0.557248240625 0.4397647453125 0.46611741562500003 0.4312947953125 0.23334214687500002 0.401538228125 0.2177399234375 0.40640225 0.39949650000000003 0.413709 0.534789240625 0.43813626406250006 0.557248240625
1 0.48055949531250003 0.3562161703125 0.481235990625 0.40052195468749996 0.506315259375 0.3837350984375 0.507261125 0.32438726406249996 0.5033797015625 0.23903878125000003 0.49483934375 0.18462537031249998 0.47480776406249997 0.192238228125 0.469303978125 0.16382240625 0.464357303125 0.12216137499999999 0.4528109859375 0.10304505312500001 0.44278601406250007 0.11434342812500001 0.45364665625 0.3294625 0.48055949531250003 0.3562161703125
1 0.6086005890624999 0.42162490156250004 0.6068312953125 0.3687205984375 0.5938952546875 0.3463748578125 0.5846569734375 0.352968384375 0.5846753390625 0.42324726718749994 0.6086005890624999 0.42162490156250004
1 0.593723834375 0.1773400484375 0.593723834375 0.11909725468750001 0.572645375 0.11952580312500001 0.5683537671875001 0.1314333265625 0.559268540625 0.095410771875 0.5439050796875 0.0897416875 0.5456100890625 0.2402632046875 0.5593420046875 0.2409029640625 0.5670038390625 0.2277771390625 0.56341015625 0.20457430312499997 0.5727188390625 0.2038090359375 0.57815834375 0.180750071875 0.593723834375 0.1773400484375
1 0.6041773578125 0.1426612984375 0.6379622765625 0.1544616828125 0.638072478125 0.0259002140625 0.60101528125 0.0260165359375 0.6041773578125 0.1426612984375
1 0.41661676718749996 0.0278437453125 0.42139814218750005 0.0930198390625 0.4304772453125 0.10557324531250001 0.43835947812500003 0.089643490625 0.43299956249999993 0.031238459375 0.41661676718749996 0.0278437453125