1 0.525029271875 0.46545667343749997 0.516247071875 0.46179742343749997 0.5118559734375 0.4603337234375 0.5067330218749999 0.4603337234375 0.5023419203125 0.458870021875 0.49721896875000005 0.458870021875 0.4913641703125 0.4581381734375 0.48624121875000004 0.45521077187500003 0.48038641562500006 0.45521077187500003 0.444525759375 0.45301522343749995 0.4247658078125 0.4603337234375 0.43354800937500004 0.4661885265625 0.45111241093750004 0.462529271875 0.503073771875 0.4808255265625 0.525029271875 0.46545667343749997
1 0.7716627640625 0.5247365359375 0.7716627640625 0.51741803125 0.747511709375 0.5071721296875 0.7087236515625001 0.5005854828125 0.6545667453124999 0.49912178125000006 0.6655444953125 0.5086358296875 0.6926229515625 0.5152224828125 0.7036007015625 0.5196135843749999 0.746048009375 0.5240046828125 0.7716627640625 0.5247365359375
1 0.930087603125 0.6157345000000001 0.967991915625 0.6039420484375 0.953672509375 0.595518865625 0.9174528296875 0.59214959375 0.8795485171875 0.5870956875 0.8601752015624999 0.581199459375 0.8290094328125001 0.5769878703125 0.8087937984375 0.5651954203125 0.792789759375 0.561826146875 0.7279312671875 0.5466644203125 0.7304582234375 0.561826146875 0.7767857140625 0.5803571421875 0.799528303125 0.6030997328125001 0.8433288390625 0.6030997328125001 0.8584905671874999 0.61068059375 0.930087603125 0.6157345000000001
1 0.4447937640625 0.496730384375 0.4573692140625 0.5055332015625 0.4982394375 0.5118209234375 0.5196177046875 0.516222334375 0.5296780671875 0.5130784687500001 0.4963531203125 0.4929577453125 0.441649896875 0.4935865171875 0.4447937640625 0.496730384375
1 0.5906690140624999 0.5533199203125 0.5831237406249999 0.5401156921875 0.5158450718750001 0.5256539234375001 0.4913229375 0.519366196875 0.4680583484375 0.5256539234375001 0.50955734375 0.541373240625 0.5906690140624999 0.5533199203125
1 0.7876082234374999 0.5059523796875001 0.81128246875 0.5032467546875 0.791666665625 0.49039502187500006 0.738906928125 0.49039502187500006 0.711850646875 0.48836579843749994 0.742288959375 0.50121753125 0.7876082234374999 0.5059523796875001
1 0.6678842015625001 0.476866884375 0.6198593078125 0.47416125468750003 0.6300054109375 0.4822781390625 0.6705898265625 0.489042209375 0.68547078125 0.4849837671875 0.6678842015625001 0.476866884375
1 0.2395581109375 0.43734867031249997 0.1986985484375 0.41767554531249995 0.16691888906250002 0.426755446875 0.2289648921875 0.4418886203125 0.2395581109375 0.43734867031249997
1 0.42342615156249996 0.491071428125 0.3787832953125 0.471398303125 0.35911017031250003 0.476694915625 0.3871065359375 0.4948547234375 0.42342615156249996 0.491071428125
1 0.273272834375 0.4691159234375 0.24985362968749997 0.45301522343749995 0.21252927187499998 0.4566744734375 0.23814402656250003 0.46984777656250004 0.273272834375 0.4691159234375
1 0.352312646875 0.5035128796875 0.35670374531250004 0.4976580796875 0.3303571421875 0.4713114734375 0.2893735359375 0.4735070265625 0.29303278593750004 0.4903395796875 0.352312646875 0.5035128796875
1 0.36282467343749997 0.43763528125000006 0.34253246875 0.4234307359375 0.31141775 0.43087121406250006 0.333739178125 0.44237012968749995 0.36282467343749997 0.43763528125000006