1 0.6020220578125001 0.1234243703125 0.615808821875 0.12473739218749999 0.6184348749999999 0.0295430671875 0.6171218484375001 0.0098476875 0.606617646875 0.004595589062500001 0.5987394953125 0.009191178125000001 0.5915178578125 0.0170693265625 0.5915178578125 0.103728990625 0.6020220578125001 0.1234243703125
1 0.5352678578125001 0.2201071421875 0.5691964281249999 0.19823214218750002 0.575 0.171446428125 0.572321428125 0.1335 0.559375 0.1232321421875 0.550446428125 0.123678571875 0.5424107140625 0.139303571875 0.5419642859375 0.074125 0.5209821421874999 0.0758928578125 0.515625 0.1446428578125 0.505803571875 0.2049107140625 0.5142857140625 0.21966071406249998 0.5352678578125001 0.2201071421875
1 0.58757878125 0.054490545312500006 0.5803571421875 0.0380777328125 0.5711659640625 0.04070378125 0.5606617640625 0.08862920156250001 0.5698529421874999 0.127363446875 0.5849527328125 0.127363446875 0.58757878125 0.054490545312500006
1 0.4326418078125 0.068933821875 0.4326418078125 0.11554621875 0.44511554531249997 0.11554621875 0.44577205781250007 0.066307771875 0.4326418078125 0.068933821875
1 0.48056722812499997 0.0098476875 0.4700630265625 0.0072216390625 0.45955882187499997 0.019038865625 0.45955882187499997 0.0945378171875 0.4792542015625 0.0945378171875 0.48056722812499997 0.0098476875
1 0.5271796203125 0 0.5035451703125 0.0006565140625 0.50288865625 0.0551470578125 0.5081407546875 0.069590334375 0.525210084375 0.0643382359375 0.5271796203125 0
1 0.50625 0.0727678578125 0.5008928578125 0.062053571875000005 0.4861607140625 0.062946428125 0.4857142859375 0.10714285781249999 0.5071428578125 0.1084821421875 0.50625 0.0727678578125
1 0.596428571875 0.26964285781249997 0.6075892859375001 0.284821428125 0.615625 0.28526785781249997 0.624553571875 0.2727678578125 0.624553571875 0.2142857140625 0.6107142859375 0.215625 0.596875 0.23571428593750002 0.596428571875 0.26964285781249997
1 0.45089285781250005 0.3375 0.45 0.3142857140625 0.4647321421875 0.3075892859375 0.46428571406249997 0.24642857187499997 0.425 0.24419642812500003 0.4236607140625 0.340625 0.428571428125 0.35 0.441071428125 0.3517857140625 0.45089285781250005 0.3375
1 0.50625 0.330803571875 0.5142857140625 0.330803571875 0.5223214281249999 0.35357142812500003 0.5419642859375 0.35357142812500003 0.5428571421874999 0.316071428125 0.5691964281249999 0.2991071421875 0.5696428578125 0.262053571875 0.547321428125 0.23125 0.521428571875 0.23125 0.5169642859375 0.2625 0.493303571875 0.2638392859375 0.4928571421875 0.315178571875 0.50625 0.330803571875
1 0.5544642859375 0.3174107140625 0.5544642859375 0.3446428578125 0.572321428125 0.3446428578125 0.5727678578125001 0.315625 0.5544642859375 0.3174107140625
1 0.624553571875 0.34375 0.624553571875 0.30357142812500004 0.612053571875 0.3017857140625 0.6125 0.34375 0.624553571875 0.34375
1 0.5241071421875 0.3736607140625 0.519196428125 0.3678571421875 0.5080357140625 0.36919642812500003 0.500446428125 0.375446428125 0.49955357187500005 0.43482142812499996 0.5241071421875 0.4334821421875 0.5241071421875 0.3736607140625
1 0.575 0.3799107140625 0.5763392859375001 0.40625 0.5883928578125001 0.40535714218749996 0.5866071421875 0.3767857140625 0.575 0.3799107140625
1 0.6017857140625 0.3977678578125 0.6004464281249999 0.4549107140625 0.6160714281249999 0.45401785781250004 0.6160714281249999 0.39642857187499997 0.6017857140625 0.3977678578125
1 0.5730185890625 0.5828033265625 0.5717955 0.4971868890625 0.5595645796875 0.48679060781250005 0.543664384375 0.48862524531249996 0.522260271875 0.522871821875 0.521648728125 0.560176125 0.5503913890625001 0.5828033265625 0.5730185890625 0.5828033265625
1 0.5357142859375 0.7106042046875001 0.5467221109375 0.6622920765625 0.5711839515625 0.65923434375 0.5711839515625 0.62682240625 0.5369373796875 0.6194838578125 0.53816046875 0.5974682015624999 0.5295988265625 0.5870719203125 0.5136986296875 0.587695696875 0.5088062640625 0.6121575359375 0.5088062640625 0.65863503125 0.5167563609375 0.7069471609375 0.5357142859375 0.7106042046875001
1 0.6201076343749999 0.577898728125 0.6286692765625 0.577898728125 0.6280577328125 0.5210249515625 0.6170499015625001 0.5198018578125 0.6127690796875 0.566279353125 0.6201076343749999 0.577898728125
1 0.6225538171875 0.6451687859375 0.6298923656250001 0.644557240625 0.629280821875 0.601137478125 0.6152152640625 0.6041952046875 0.6139921734375 0.6317147765625 0.6225538171875 0.6451687859375
1 0.4696673171875 0.6066413890625 0.45743639687500004 0.5950220171875 0.4397015671875 0.5993028390624999 0.4397015671875 0.6622920765625 0.459882584375 0.6622920765625 0.4708904109375 0.6304916828125 0.4696673171875 0.6066413890625
1 0.41095890625 0.707546478125 0.4225782765625 0.676969178125 0.42441291562499994 0.5803449109375001 0.40117417031249997 0.579733365625 0.3987279828125 0.6586227984375 0.38710861093750004 0.6959271031250001 0.38527397343750003 0.708158021875 0.41095890625 0.707546478125
1 0.47639432656249997 0.4739359109375 0.47578277656249995 0.429293053125 0.45560176406249997 0.43173923593749997 0.447040115625 0.5002323890625 0.4458170265625 0.557106165625 0.4678326828125 0.5583292546874999 0.47639432656249997 0.4739359109375
1 0.3967456921875 0.56069284375 0.40775352187499997 0.575369946875 0.41753825468750005 0.5735353125 0.43404999999999994 0.5215539015624999 0.43282690625000003 0.4854726875 0.415092071875 0.48180341093749995 0.395522603125 0.513603803125 0.3967456921875 0.56069284375
1 0.48094624531249996 0.3760125171875 0.47772459375 0.337812959375 0.46069587500000003 0.338273196875 0.458394696875 0.40638807187500003 0.48186671406250003 0.407308540625 0.48094624531249996 0.3760125171875
1 0.39434523593750004 0.7716836734375 0.39434523593750004 0.728103740625 0.377869896875 0.7233205796875 0.373618196875 0.7594600359375 0.372555271875 0.7876275484375 0.3863732984375 0.7860331656249999 0.39434523593750004 0.7716836734375
1 0.5070153078125 0.773809521875 0.5187074828125 0.7679634375 0.5213647953125 0.736075678125 0.4953231296875 0.7419217671875 0.49000850468749996 0.7674319734374999 0.48575680312499997 0.7684948968749999 0.48681972812499996 0.7100340140625 0.45493197343749997 0.7063137765625 0.454400509375 0.8248299328125 0.4878826515625 0.8258928578125 0.504357990625 0.8173894546874999 0.5070153078125 0.773809521875
1 0.6228741515625 0.6871811203125 0.615965134375 0.6786777234375 0.6026785718750001 0.679740646875 0.6026785718750001 0.7142857140625 0.6191539109375 0.7132227906249999 0.6228741515625 0.6962159859375 0.6228741515625 0.6871811203125
1 0.59523809375 0.792942178125 0.596301021875 0.814200678125 0.6026785718750001 0.8338647953124999 0.6271258484375 0.8328018703125 0.6292517015625 0.74351615625 0.6101190484375 0.7445790796875 0.609587584375 0.78125 0.59523809375 0.792942178125
1 0.4145408171875 0.9311224515625 0.4171981296875 0.9646045937500001 0.42729592031249997 0.9656675171875 0.4326105453125 0.9529124156250001 0.435799321875 0.9119897953124999 0.41879251718750005 0.8955144546874999 0.41879251718750005 0.8418367359375001 0.40869472812499996 0.842368196875 0.399659865625 0.8652210890625 0.3964710890625 0.9141156468749999 0.4039115625 0.9284651343749999 0.4145408171875 0.9311224515625
1 0.4591836734375 0.8790391156249999 0.43526785781250005 0.877444728125 0.435799321875 0.8981717671875 0.441113946875 0.907206634375 0.457057821875 0.904549321875 0.4591836734375 0.8790391156249999
1 0.5006377546875 0.916772959375 0.5080782328125 0.8981717671875 0.50914115625 0.8615008484375 0.5054209203125 0.8492772093750001 0.48841411562500003 0.8514030625 0.4772534015625 0.8652210890625 0.478847790625 0.8987032328125 0.484162415625 0.916772959375 0.5006377546875 0.916772959375
1 0.5474064640625 0.864158165625 0.5426232984375 0.8370535718750001 0.5240221078125 0.8375850359375001 0.5197704062499999 0.8673469375 0.5224277234375 0.8987032328125 0.5399659859375 0.8981717671875 0.5474064640625 0.864158165625
1 0.6090561203125 0.923150509375 0.6079931968750001 0.963541665625 0.6255314640625 0.9592899640624999 0.6265943890625 0.9199617359375001 0.6090561203125 0.923150509375
1 0.537840134375 1 0.5436862234375 0.9619472765625 0.5436862234375 0.9274022093750001 0.5319940484375 0.9109268703125 0.5203018703125 0.9141156468749999 0.5123299328125 0.9380314640625 0.51179846875 0.985331634375 0.518176021875 1 0.537840134375 1
1 0.3560799328125 0.9592899640624999 0.3470450671875 0.9715136078125 0.34757653125 1 0.376275509375 0.9996811203125 0.380527209375 0.9736394546874999 0.36777210781249997 0.9608843531250001 0.3560799328125 0.9592899640624999
1 0.3714923484375 0.8949829906250001 0.361926021875 0.8668154781249999 0.34757653125 0.8684098656250001 0.3470450671875 0.9247448968749999 0.35554846875 0.9316539109375 0.3667091828125 0.9348426875 0.3714923484375 0.8949829906250001