1 0.4369969828125 0.7325201203125 0.43259557187500003 0.7318913484375 0.43259557187500003 0.788480884375 0.4439134828125 0.77779175 0.4445422546875 0.763329978125 0.4369969828125 0.7325201203125
1 0.514774696875 0.6444919515625 0.5166610140625 0.68661971875 0.5235775140625 0.698566396875 0.5223199640625 0.7344064375 0.509115740625 0.778420521875 0.5097445140625 0.8054577453125 0.5355241921875 0.8060865171874999 0.537410509375 0.5954476875 0.5198048749999999 0.596076459375 0.5185473296875001 0.6224849109374999 0.514774696875 0.6444919515625
1 0.49655388437500003 0.59523809375 0.49028821875000006 0.59523809375 0.49028821875000006 0.6821741875 0.48323934843750005 0.6680764421875 0.48323934843750005 0.64771303125 0.47697368281249997 0.646146615625 0.47619047812500004 0.7166353390625 0.4824561390625 0.7166353390625 0.49655388437500003 0.708803259375 0.49655388437500003 0.59523809375
1 0.47483766093749996 0.5661525984375 0.46807359374999996 0.5661525984375 0.46807359374999996 0.62567640625 0.47416125468750003 0.62567640625 0.47483766093749996 0.5661525984375
1 0.512053571875 0.528125 0.5178571421875 0.528125 0.518303571875 0.49910714218749996 0.512946428125 0.49955357187500005 0.512053571875 0.528125
1 0.5169642859375 0.46651785781250005 0.5227678578125 0.46651785781250005 0.5227678578125 0.40625 0.5169642859375 0.40625 0.5169642859375 0.46651785781250005
1 0.4915178578125 0.284821428125 0.4861607140625 0.2861607140625 0.4861607140625 0.3227678578125 0.4915178578125 0.32232142812500003 0.4915178578125 0.284821428125
1 0.5357142859375 0.281696428125 0.5272321421874999 0.284375 0.5272321421874999 0.312946428125 0.5357142859375 0.312946428125 0.5357142859375 0.281696428125
1 0.5138392859375001 0.271875 0.5138392859375001 0.29017857187499996 0.5178571421875 0.290625 0.5178571421875 0.27142857187499997 0.5138392859375001 0.271875
1 0.4733157453125 0.3789569828125 0.468242696875 0.3693181828125 0.4596185046875 0.3677962671875 0.45911120156249996 0.43222402656250003 0.47280844218749996 0.437804384375 0.4733157453125 0.3789569828125
1 0.528571428125 0.39955357187499996 0.5357142859375 0.4 0.5352678578125001 0.3446428578125 0.5294642859375001 0.33973214218750003 0.5241071421875 0.347321428125 0.5227678578125 0.390178571875 0.528571428125 0.39955357187499996
1 0.44595864687500003 0.44078947343749997 0.44595864687500003 0.47321428593750003 0.451127821875 0.47321428593750003 0.45065789218749996 0.441729321875 0.44595864687500003 0.44078947343749997
1 0.5275479109375001 0.19381532968749998 0.5275479109375001 0.160060978125 0.5221036609375 0.160060978125 0.5182926828125 0.1687717765625 0.517748259375 0.18238240625 0.522648084375 0.19381532968749998 0.5275479109375001 0.19381532968749998