1 0.9918733265625 0.5669430265625001 1 0.5481754859375 0.9649332718749999 0.544169959375 0.9283224156250001 0.544169959375 0.9338485890625 0.5579717984375 0.9483547765625 0.56280246875 0.9808210046875001 0.566252915625 0.9918733265625 0.5669430265625001
1 0.9629602593750001 0.5094749828125 0.9210455046874999 0.5094749828125 0.8893261828125001 0.52531903125 1 0.5321093578125 0.9629602593750001 0.5094749828125
1 0.6833664421875 0.48608026718749997 0.6776480312500001 0.4944814421875 0.6837028296875001 0.5015384421875 0.70724928125 0.5008663578125 0.7300588484375 0.49911293749999996 0.7338231203125 0.49145700937500003 0.7304593484375 0.486752353125 0.7220498921875 0.486752353125 0.704558240625 0.488096553125 0.6833664421875 0.48608026718749997
1 0.7989311875 0.48453086093750003 0.8063569953125 0.48988869687500003 0.7993437453125 0.49112511562499994 0.7886175765625 0.4894765453125 0.7741785 0.489064428125 0.7688154234375 0.4907129640625 0.7646899828125 0.49648295156250005 0.755201446875 0.49771937031249996 0.742825103125 0.5059621609375 0.7469505453124999 0.514204946875 0.76262725 0.5183263609375001 0.7717032328125 0.522447771875 0.780779228125 0.5240963078124999 0.7985186468750001 0.5245084640625 0.810894990625 0.5245084640625 0.823271334375 0.523684196875 0.847198928125 0.52162346875 0.8632881875 0.52162346875 0.8682387234375 0.5092592671875 0.8591627359375 0.50390146875 0.832759875 0.5063743125 0.8183207984375 0.5092592671875 0.8080071875 0.4997800578125 0.8104824546874999 0.49442222343750003 0.8207960671875 0.48370659375 0.8212086078124999 0.4828823265625 0.8170831656249999 0.48411874531250004 0.8075946296875 0.48123375468749996 0.8005813796875 0.482058021875 0.7989311875 0.48453086093750003
1 0.737090634375 0.5236338218750001 0.711912290625 0.5250058390625 0.7100811421875 0.533237946875 0.715574603125 0.5437567328124999 0.7320549781250001 0.5460434109375 0.73800621875 0.5391833265625 0.737090634375 0.5236338218750001
1 0.625515084375 0.46015764687500005 0.60031009375 0.46015764687500005 0.5749961875 0.4591697984375 0.580219196875 0.46052258906250004 0.6046935671875 0.46928093281249994 0.612364665625 0.47001078593749995 0.6233233484375 0.471835428125 0.6320902953124999 0.4754847546875 0.6419531109375 0.47840419218749997 0.6510853437499999 0.4765795453125 0.6587564234375 0.4740250171875 0.6751944515625 0.4729302234375 0.6901713265625 0.473295165625 0.7146457140625 0.46380696875 0.7047828968750001 0.4594277953125 0.66021759375 0.457238209375 0.625515084375 0.46015764687500005
1 0.5553661609375 0.4945737015625 0.5401750843750001 0.498620665625 0.524984009375 0.4940678125 0.5102992953125 0.4940678125 0.5062483578125 0.49710304531249994 0.5001719234374999 0.5021617859374999 0.4799171390625 0.5057029109375 0.4662451703125 0.4976089328125 0.460168740625 0.48850323281249997 0.45561141562499996 0.48243275937499996 0.439913978125 0.4804092546875 0.42269743281250005 0.48243275937499996 0.40750635781250005 0.4804092546875 0.3938343890625 0.48395037968750004 0.39636621875 0.4930560796875 0.40497450468749996 0.4930560796875 0.4216846875 0.492044353125 0.43940761562499997 0.4910325765625 0.4540923078125 0.504185290625 0.444471303125 0.514808615625 0.4348502953125 0.5259377765625 0.41965921875 0.526443665625 0.40801271874999995 0.523408428125 0.39434075 0.5213849234375 0.382187865625 0.5274553921875 0.3786433125 0.533020021875 0.369528665625 0.5476903078124999 0.35838852656250003 0.5416198390625 0.3426910671875 0.5294789015625 0.32294266562499996 0.5471844203125 0.32446177187499997 0.5542666656249999 0.34370383437499996 0.5618547546875 0.353276959375 0.5618547546875 0.3760635765625 0.56236059375 0.394292865625 0.56236059375 0.3947992546875 0.5583136296875 0.39074831250000003 0.5537607765625 0.3897355453125 0.545666803125 0.39074831250000003 0.5431374546875001 0.398343853125 0.5431374546875001 0.41302854531250005 0.5431374546875001 0.43125783437500004 0.545160959375 0.43480243749999997 0.542125728125 0.44087886562499995 0.5304906296875 0.44543619218749997 0.5254319375 0.4474616390625 0.5254319375 0.4636654828125 0.5269495531249999 0.48189477187499996 0.5269495531249999 0.49100942031250006 0.5198673078125 0.4950603578125 0.5188555765625 0.516327865625 0.5188555765625 0.540127228125 0.5178438484375001 0.545238771875 0.5127851078125001 0.563974446875 0.5127851078125001 0.582203740625 0.5092439859375 0.5761273078125 0.4940678125 0.5553661609375 0.4945737015625
1 0.48138838906250003 0.46068022812500004 0.44543619218749997 0.4601743890625 0.44087886562499995 0.4652330796875 0.44492980312499997 0.4687742046875 0.45809538906249997 0.46978593281250003 0.46822280312500003 0.47079770937500004 0.468729165625 0.476362290625 0.4722737453125 0.481926875 0.47986928124999995 0.485973884375 0.4930348890625 0.489514959375 0.512276928125 0.48900911562499993 0.5213915765625 0.4910325765625 0.5335444375 0.4945737015625 0.54620365625 0.4976089328125 0.5639265890625 0.4940678125 0.553292834375 0.48850323281249997 0.5406335890625 0.482938646875 0.541265521875 0.4706715359375 0.5350635453125 0.473832946875 0.528480728125 0.4687742046875 0.5193660796875 0.4632096203125 0.5062004953125 0.4621978484375 0.48138838906250003 0.46068022812500004
1 0.5659520578125 0.539090490625 0.5684839109375 0.548196196875 0.5831686031250001 0.5471844203125 0.5938023578125 0.545666803125 0.607980709375 0.545160959375 0.6211462953125 0.545160959375 0.6398819734375001 0.545160959375 0.6500093390624999 0.54364334375 0.6489966203125 0.5365610984375 0.6393755890625 0.53403175 0.6145635046875 0.5325141343750001 0.6089934328125 0.514808615625 0.6024106421875 0.5072205265624999 0.5796240265625 0.5193614640625001 0.5720284859375 0.53403175 0.5659520578125 0.539090490625
1 0.6221590406249999 0.5067146390625 0.635390853125 0.5078662234375 0.6363373703125 0.49811482187499995 0.628741834375 0.49811482187499995 0.6206399328125001 0.49811482187499995 0.6170953578125 0.5026676734375 0.6221590406249999 0.5067146390625
1 0.6297545796875 0.4905267359375 0.64601790625 0.494961946875 0.6479838703125 0.4945737015625 0.6489966203125 0.48647972343749996 0.6378564828125 0.4844562671875 0.626716365625 0.4844562671875 0.6297545796875 0.4905267359375
1 0.534879915625 0.540095978125 0.54764690625 0.540551509375 0.5544863656250001 0.539640446875 0.5585900453125 0.538273896875 0.5549423265625 0.5323522046875 0.529864303125 0.5305301250000001 0.5198330984374999 0.5291635718750001 0.5143615265625 0.5337187546875 0.5143615265625 0.539640446875 0.5230248390625001 0.5432846078125 0.534879915625 0.540095978125
1 0.4984027765625 0.5441956296875 0.5043303031249999 0.5441956296875 0.5049070890625 0.5322477140624999 0.4901954203125 0.5337187546875 0.461469678125 0.5318966734374999 0.45873389218750005 0.537362875 0.4642054640625 0.5428290796875 0.4829 0.5419180578125 0.4984027765625 0.5441956296875
1 0.2655774734375 0.499099459375 0.2573701203125 0.4963663609375 0.245059084375 0.49499980781249997 0.2263645484375 0.49408879062500005 0.2113177328125 0.4886225890625 0.1971828484375 0.4849784234375 0.17940024999999998 0.4886225890625 0.1675451515625 0.5000104828125 0.152498334375 0.5095763343749999 0.1515864203125 0.5159535984375 0.15660201406250002 0.5191421875 0.1675451515625 0.5232418390625 0.1771204203125 0.520508740625 0.18304794687499998 0.5123094375 0.1889754953125 0.5031991109375 0.20128652656249998 0.5041101343750001 0.2113177328125 0.51276496875 0.2113177328125 0.520508740625 0.19627091562500001 0.5241529015624999 0.203566334375 0.5291635718750001 0.251442571875 0.5291635718750001 0.26284168750000003 0.5250639203125 0.2655774734375 0.5246083921875 0.28290409843750003 0.5232418390625 0.29293532187500004 0.5168646156250001 0.3120858171875 0.5186867015625001 0.3348840140625 0.5154980671875 0.36178590625 0.5086653171875 0.394861125 0.5090081921875 0.3574608390625 0.5017787140625 0.3301026828125 0.504025125 0.287919709375 0.5086653171875 0.27788850468750004 0.5059322140625 0.2655774734375 0.499099459375
1 0.14534140625 0.4534809015625 0.1674527859375 0.458348134375 0.181694040625 0.4650873609375 0.19968296875 0.4669593609375 0.201556803125 0.4789402015625 0.2289149734375 0.48193543749999995 0.23003928125 0.47332417812500005 0.27013958437499996 0.47332417812500005 0.2716386734375 0.4650873609375 0.3379728390625 0.46358974531249997 0.2802583578125 0.4561017234375 0.23790943750000001 0.455352896875 0.22516726718750002 0.451234490625 0.1989334234375 0.4531064859375 0.14534140625 0.4534809015625
1 0.28363128125000003 0.49166987031250003 0.28438082656249997 0.4838074328125 0.2491525140625 0.48230981718750005 0.2450300484375 0.48904904531250004 0.2514011296875 0.49092107656249995 0.28363128125000003 0.49166987031250003
1 0 0.4811866109375 0.0022503609375000002 0.4830586421875 0.015742057812499998 0.4838074328125 0.028484228125 0.476693790625 0.0389777765625 0.47257538437499996 0.051345165625 0.47182659375 0.063337771875 0.47107776718750005 0.0745808484375 0.47107776718750005 0.08769778125 0.47107776718750005 0.09969040625 0.469205771875 0.105686709375 0.4643385359375 0.11393162500000001 0.46358974531249997 0.1326700984375 0.46171775000000004 0.145877115625 0.455990584375 0.14503748593750002 0.45011128593749994 0.1409150171875 0.4486136703125 0.1285476296875 0.44786487499999994 0.119553165625 0.4486136703125 0.1075605578125 0.449736875 0.0925697765625 0.449736875 0.08207624062499999 0.449736875 0.06633591562499999 0.449736875 0.047222678125 0.449736875 0.0382282140625 0.45273211093750004 0.025486084375000002 0.45497851718750004 0 0.455352896875 0 0.4811866109375
1 0.0670854734375 0.5425885046875 0.0772042453125 0.5459581203125 0.08769778125 0.54857890625 0.09781655312500001 0.5493277328125 0.10418763906249999 0.5444605 0.104937165625 0.54034209375 0.0903211609375 0.525740428125 0.0828257859375 0.5234940171875 0.0659611703125 0.523868396875 0.0562171421875 0.5276124281250001 0.059215321875000004 0.5373468578125 0.0670854734375 0.5425885046875
1 0.224113803125 0.5467069109375 0.23573166093750003 0.5467069109375 0.2480990484375 0.54857890625 0.250722428125 0.5433372953125 0.2480990484375 0.5373468578125 0.234982115625 0.5354748609375 0.213293084375 0.53688975 0.2136202671875 0.5384700625 0.20312673281250002 0.5392188890625 0.20312673281250002 0.544834915625 0.21024734375 0.547830115625 0.224113803125 0.5467069109375
1 0.1457870265625 0.548953321875 0.1787667234375 0.5500765265625 0.1762142984375 0.541384146875 0.14541225 0.5422140890625 0.1457870265625 0.548953321875