1 0.46614583437499996 1 0.5107886921875 0.9988839281249999 0.505208334375 0.963541665625 0.50148809375 0.9077380937499999 0.4921875 0.8798363078125 0.44568452187499996 0.8928571421875 0.46428571406249997 0.9468005937499999 0.46614583437499996 1
1 0.39732142812500004 0.08742559375 0.3991815484375 0.1153273796875 0.41964285781250005 0.13020833437499998 0.42522321406249997 0.091145834375 0.4177827359375 0.0725446421875 0.4122023796875 0.04836309375 0.39732142812500004 0.04836309375 0.39732142812500004 0.08742559375
1 0.3303571421875 0 0.3377976203125 0.057663692187500004 0.34337797812500004 0.0967261921875 0.36383928593750003 0.0930059515625 0.361979165625 0.059523807812499996 0.3601190484375 0 0.3303571421875 0
1 0.459325396875 0.3406084640625 0.4527116390625 0.3058862453125 0.44609788437500003 0.2662037046875 0.44113756718749997 0.229828040625 0.4262566109375 0.24470899531249998 0.42460317343750004 0.28108465625 0.427910053125 0.3191137546875 0.43617724999999996 0.3637566109375 0.4427910046875 0.40509259374999995 0.4328703703125 0.44477513437500005 0.429563490625 0.459656084375 0.4328703703125 0.49603174531249994 0.4345238078125 0.5224867718749999 0.439484125 0.570436509375 0.4543650796875 0.5803571421875 0.48247354531250003 0.570436509375 0.4857804234375 0.5472883609375 0.477513228125 0.49272486562499995 0.4742063484375 0.4563492046875 0.46759259374999995 0.41997354531250003 0.4626322765625 0.3802910046875 0.459325396875 0.3406084640625
1 0.47916666562500004 0.2752976203125 0.4773065484375 0.2380952359375 0.45870535781250005 0.24367559375 0.46614583437499996 0.29017857187499996 0.4717261921875 0.3143601203125 0.48102678593750003 0.3125 0.47916666562500004 0.2752976203125
1 0.4527116390625 0.7308201078125001 0.4527116390625 0.7523148171875 0.47916666562500004 0.7688492046875 0.4808201078125 0.7374338609375 0.459325396875 0.697751321875 0.459325396875 0.6746031734375 0.439484125 0.6531084640625 0.439484125 0.6878306875 0.4527116390625 0.7308201078125001
1 0.39732142812500004 0.7077205890625 0.40126050468749996 0.7208508390625 0.40519957968750003 0.7418592453125 0.410451678125 0.7733718484375001 0.4235819328125 0.8009453796875 0.4183298296875 0.775997896875 0.4170168078125 0.74711134375 0.4117647046875 0.7037815140625 0.4065126078125 0.67226890625 0.399947478125 0.6420693265625 0.393382353125 0.6105567234375 0.393382353125 0.5764180671875 0.381565125 0.6184348749999999 0.3855042015625 0.636817228125 0.386817228125 0.65913865625 0.393382353125 0.681460084375 0.39732142812500004 0.7077205890625
1 0.48995535781250005 0.6517857140625 0.49665178593750003 0.6752232140625 0.49665178593750003 0.6216517859375 0.49441964218749995 0.6049107140625 0.48772321406249997 0.5870535718750001 0.483258928125 0.5848214281249999 0.48102678593750003 0.6450892859375 0.48995535781250005 0.6517857140625
1 0.3501984109375 0.29596560781250003 0.3617724859375 0.2876984109375 0.3617724859375 0.2678571421875 0.34523809375000003 0.23148148281249997 0.336970896875 0.1901455046875 0.335317459375 0.166997353125 0.34523809375000003 0.145502646875 0.3237433890625 0.1091269828125 0.322089946875 0.16369047812499998 0.322089946875 0.20337301718749998 0.32705026406250004 0.24636243281249998 0.34193121875 0.29100529062499997 0.3501984109375 0.29596560781250003
1 0.32705026406250004 0.3587962953125 0.3154761921875 0.3587962953125 0.3187830671875 0.396825396875 0.336970896875 0.3935185171875 0.34193121875 0.4216269828125 0.3634259234375 0.42989417812499997 0.3551587328125 0.383597884375 0.3683862453125 0.365410053125 0.35846560781250003 0.302579365625 0.3386243390625 0.2976190484375 0.34193121875 0.3323412671875 0.32705026406250004 0.3587962953125
1 0.5568783078124999 0.5224867718749999 0.5667989421875 0.59358465625 0.573412696875 0.634920634375 0.5816798921874999 0.6679894203125001 0.5866402093749999 0.7027116390625 0.59490740625 0.7374338609375 0.601521165625 0.7671957671875 0.6081349203124999 0.7969576734375 0.614748678125 0.8283730171875 0.614748678125 0.8630952359374999 0.6213624328125 0.8878968265625 0.634589946875 0.9193121703125 0.634589946875 0.8928571421875 0.6312830671875 0.8548280406250001 0.649470896875 0.884589946875 0.6610449734375 0.9176587328125001 0.6610449734375 0.899470896875 0.65608465625 0.8614417984375 0.6511243390625 0.8416005312499999 0.647817459375 0.8316798921874999 0.6412037046875 0.821759259375 0.634589946875 0.8068783078124999 0.6279761921875 0.7870370359375001 0.6197089953125 0.7638888890625 0.6180555531249999 0.7374338609375 0.6097883609375 0.7142857140625 0.6064814828125 0.6878306875 0.5998677234375001 0.648148146875 0.59325396875 0.6068121703125 0.583333334375 0.570436509375 0.5783730171875 0.5340608484375 0.571759259375 0.4943783078125 0.570105821875 0.46792328124999993 0.5634920625000001 0.426587303125 0.5585317453124999 0.3703703703125 0.5469576734375 0.3174603171875 0.520502646875 0.259589946875 0.520502646875 0.3174603171875 0.5337301609375 0.365410053125 0.5403439156250001 0.4249338609375 0.5502645484375 0.49603174531249994 0.5568783078124999 0.5224867718749999
1 0.6378968265625 0.10251322812500001 0.6279761921875 0.0429894203125 0.6213624328125 0.06117725 0.6312830671875 0.12400793750000001 0.6197089953125 0.11574074062499999 0.6114417984375 0.1306216921875 0.6246693125 0.2248677234375 0.6428571421875 0.304232803125 0.6428571421875 0.3273809515625 0.65773809375 0.3786375671875 0.6412037046875 0.4034391515625 0.6445105796874999 0.43320105781249996 0.6511243390625 0.46461640156249995 0.6626984109375 0.48941799062499997 0.6709656078124999 0.560515875 0.7023809515625 0.664682540625 0.71891534375 0.71924603125 0.7337962953125 0.773809521875 0.7552910046875 0.8515211656250001 0.7635582015625 0.8928571421875 0.7767857140625 0.9424603171875001 0.7536375671875 1 0.8627645484375 0.996990740625 0.8478835984374999 0.91266534375 0.8280423265625 0.8878637546875 0.8363095218750001 0.8581018531250001 0.8313492046875 0.8366071421875001 0.8098544953125 0.7803902093749999 0.7966269828125 0.7622023796875 0.7867063484375 0.7274801609375 0.7751322765624999 0.701025134375 0.770171959375 0.671263228125 0.7552910046875 0.6415013218750001 0.740410053125 0.591898146875 0.7321428578125 0.5555224859375001 0.7238756609375 0.49451057968749995 0.7139550265625 0.464748678125 0.7139550265625 0.42175925937500003 0.7123015890625 0.3754629640625 0.7123015890625 0.350661375 0.710648146875 0.327513228125 0.7040343921875001 0.2911375671875 0.7040343921875001 0.2531084640625 0.7073412671875 0.21673280312499998 0.7056878296875 0.1820105796875 0.7040343921875001 0.147156084375 0.695767196875 0.12400793750000001 0.6808862453125 0.12400793750000001 0.6759259234375 0.069444446875 0.6610449734375 0.069444446875 0.6626984109375 0.0909391515625 0.6378968265625 0.10251322812500001
1 0.609375 0.6216517859375 0.6194196421875 0.6238839281249999 0.6361607140625 0.6261160718750001 0.6428571421875 0.6450892859375 0.6618303578125 0.6529017859375 0.6629464281249999 0.6439732140625 0.6629464281249999 0.6205357140625 0.6540178578125 0.6116071421875 0.6450892859375 0.6037946421875 0.6495535718750001 0.5892857140625 0.6495535718750001 0.5725446421875 0.6383928578125 0.5569196421875 0.6227678578125 0.5524553578125 0.6171875 0.5379464281249999 0.6149553578125 0.5212053578125 0.6060267859375 0.5022321421875 0.5982142859375 0.5357142859375 0.5915178578125 0.5535714281249999 0.59375 0.5747767859375 0.5970982140625 0.5915178578125 0.609375 0.6216517859375
1 0.5535714281249999 0.8498677234375001 0.5585317453124999 0.8912037046875 0.561838625 0.9209656078125 0.5634920625000001 0.958994709375 0.5816798921874999 0.9672619062500001 0.5767195765625 0.9226190484375 0.571759259375 0.8796296296874999 0.5684523796875001 0.836640209375 0.5436507953125 0.836640209375 0.5535714281249999 0.8498677234375001