1 0.0295430671875 0.381565125 0.0098476875 0.3828781515625 0.004595589062500001 0.393382353125 0.009191178125000001 0.40126050468749996 0.0170693265625 0.40848214218749995 0.103728990625 0.40848214218749995 0.1234243703125 0.3979779421875 0.12473739218749999 0.384191178125 0.0295430671875 0.381565125
1 0.2049107140625 0.494196428125 0.21966071406249998 0.4857142859375 0.2201071421875 0.4647321421875 0.19823214218750002 0.430803571875 0.171446428125 0.425 0.1335 0.427678571875 0.1232321421875 0.440625 0.123678571875 0.449553571875 0.139303571875 0.45758928593750003 0.074125 0.4580357140625 0.0758928578125 0.47901785781250006 0.1446428578125 0.484375 0.2049107140625 0.494196428125
1 0.127363446875 0.43014705781250007 0.127363446875 0.41504726718749996 0.054490545312500006 0.41242121875000004 0.0380777328125 0.41964285781250005 0.04070378125 0.42883403593749997 0.08862920156250001 0.4393382359375 0.127363446875 0.43014705781250007
1 0.11554621875 0.5548844546875 0.066307771875 0.5542279421874999 0.068933821875 0.5673581921874999 0.11554621875 0.5673581921874999 0.11554621875 0.5548844546875
1 0.0098476875 0.519432771875 0.0072216390625 0.5299369734375 0.019038865625 0.540441178125 0.0945378171875 0.540441178125 0.0945378171875 0.5207457984375 0.0098476875 0.519432771875
1 0 0.4728203796875 0.0006565140625 0.4964548296875 0.0551470578125 0.49711134375 0.069590334375 0.4918592453125 0.0643382359375 0.474789915625 0 0.4728203796875
1 0.0727678578125 0.49375 0.062053571875000005 0.49910714218749996 0.062946428125 0.5138392859375001 0.10714285781249999 0.5142857140625 0.1084821421875 0.4928571421875 0.0727678578125 0.49375
1 0.2727678578125 0.375446428125 0.2142857140625 0.375446428125 0.215625 0.3892857140625 0.23571428593750002 0.403125 0.26964285781249997 0.40357142812499996 0.284821428125 0.3924107140625 0.28526785781249997 0.384375 0.2727678578125 0.375446428125
1 0.3075892859375 0.5352678578125001 0.24642857187499997 0.5357142859375 0.24419642812500003 0.575 0.340625 0.5763392859375001 0.35 0.5714285718750001 0.3517857140625 0.558928571875 0.3375 0.5491071421875 0.3142857140625 0.55 0.3075892859375 0.5352678578125001
1 0.2638392859375 0.5066964281249999 0.315178571875 0.5071428578125 0.330803571875 0.49375 0.330803571875 0.4857142859375 0.35357142812500003 0.477678571875 0.35357142812500003 0.4580357140625 0.316071428125 0.4571428578125 0.2991071421875 0.430803571875 0.262053571875 0.4303571421875 0.23125 0.45267857187500005 0.23125 0.478571428125 0.2625 0.4830357140625 0.2638392859375 0.5066964281249999
1 0.3446428578125 0.427678571875 0.315625 0.42723214218749994 0.3174107140625 0.4455357140625 0.3446428578125 0.4455357140625 0.3446428578125 0.427678571875
1 0.3017857140625 0.387946428125 0.34375 0.3875 0.34375 0.375446428125 0.30357142812500004 0.375446428125 0.3017857140625 0.387946428125
1 0.43482142812499996 0.500446428125 0.4334821421875 0.4758928578125 0.3736607140625 0.4758928578125 0.3678571421875 0.480803571875 0.36919642812500003 0.4919642859375 0.375446428125 0.49955357187500005 0.43482142812499996 0.500446428125
1 0.40535714218749996 0.41160714218749994 0.3767857140625 0.4133928578125 0.3799107140625 0.425 0.40625 0.4236607140625 0.40535714218749996 0.41160714218749994
1 0.45401785781250004 0.38392857187499996 0.39642857187499997 0.38392857187499996 0.3977678578125 0.3982142859375 0.4549107140625 0.39955357187499996 0.45401785781250004 0.38392857187499996
1 0.48862524531249996 0.456335615625 0.522871821875 0.477739728125 0.560176125 0.478351271875 0.5828033265625 0.4496086109375 0.5828033265625 0.42698141093749997 0.4971868890625 0.4282045 0.48679060781250005 0.4404354203125 0.48862524531249996 0.456335615625
1 0.7069471609375 0.4832436390625 0.7106042046875001 0.46428571406249997 0.6622920765625 0.4532778890625 0.65923434375 0.4288160484375 0.62682240625 0.4288160484375 0.6194838578125 0.4630626203125 0.5974682015624999 0.46183953125 0.5870719203125 0.47040117343750004 0.587695696875 0.4863013703125 0.6121575359375 0.4911937359375 0.65863503125 0.4911937359375 0.7069471609375 0.4832436390625
1 0.577898728125 0.379892365625 0.577898728125 0.3713307234375 0.5210249515625 0.3719422671875 0.5198018578125 0.3829500984375 0.566279353125 0.3872309203125 0.577898728125 0.379892365625
1 0.6451687859375 0.37744618281250003 0.644557240625 0.370107634375 0.601137478125 0.370719178125 0.6041952046875 0.3847847359375 0.6317147765625 0.3860078265625 0.6451687859375 0.37744618281250003
1 0.6622920765625 0.5401174156249999 0.6304916828125 0.5291095890624999 0.6066413890625 0.5303326828125 0.5950220171875 0.542563603125 0.5993028390624999 0.5602984328125 0.6622920765625 0.5602984328125 0.6622920765625 0.5401174156249999
1 0.579733365625 0.5988258296875 0.6586227984375 0.6012720171875 0.6959271031250001 0.6128913890625001 0.708158021875 0.6147260265625001 0.707546478125 0.58904109375 0.676969178125 0.5774217234375 0.5803449109375001 0.5755870843750001 0.579733365625 0.5988258296875
1 0.557106165625 0.5541829734375 0.5583292546874999 0.5321673171875 0.4739359109375 0.5236056734375001 0.429293053125 0.5242172234375 0.43173923593749997 0.5443982359375 0.5002323890625 0.552959884375 0.557106165625 0.5541829734375
1 0.5215539015624999 0.5659500000000001 0.4854726875 0.5671730937499999 0.48180341093749995 0.584907928125 0.513603803125 0.604477396875 0.56069284375 0.6032543078125 0.575369946875 0.5922464781250001 0.5735353125 0.5824617453125 0.5215539015624999 0.5659500000000001
1 0.3760125171875 0.5190537546875 0.337812959375 0.52227540625 0.338273196875 0.5393041249999999 0.40638807187500003 0.541605303125 0.407308540625 0.5181332859375 0.3760125171875 0.5190537546875
1 0.7876275484375 0.627444728125 0.7860331656249999 0.6136267015625 0.7716836734375 0.6056547640625001 0.728103740625 0.6056547640625001 0.7233205796875 0.6221301031250001 0.7594600359375 0.6263818031249999 0.7876275484375 0.627444728125
1 0.8173894546874999 0.495642009375 0.773809521875 0.49298469218749996 0.7679634375 0.48129251718750005 0.736075678125 0.4786352046875 0.7419217671875 0.5046768703125 0.7674319734374999 0.5099914953125 0.7684948968749999 0.5142431968750001 0.7100340140625 0.513180271875 0.7063137765625 0.5450680265625001 0.8248299328125 0.545599490625 0.8258928578125 0.5121173484375 0.8173894546874999 0.495642009375
1 0.7132227906249999 0.3808460890625 0.6962159859375 0.3771258484375 0.6871811203125 0.3771258484375 0.6786777234375 0.384034865625 0.679740646875 0.39732142812500004 0.7142857140625 0.39732142812500004 0.7132227906249999 0.3808460890625
1 0.8328018703125 0.3728741515625 0.74351615625 0.3707482984375 0.7445790796875 0.3898809515625 0.78125 0.390412415625 0.792942178125 0.40476190624999997 0.814200678125 0.403698978125 0.8338647953124999 0.39732142812500004 0.8328018703125 0.3728741515625
1 0.9284651343749999 0.5960884375 0.9311224515625 0.5854591828125 0.9646045937500001 0.5828018703125 0.9656675171875 0.5727040796875 0.9529124156250001 0.5673894546875 0.9119897953124999 0.564200678125 0.8955144546874999 0.5812074828125 0.8418367359375001 0.5812074828125 0.842368196875 0.591305271875 0.8652210890625 0.600340134375 0.9141156468749999 0.6035289109375 0.9284651343749999 0.5960884375
1 0.8790391156249999 0.5408163265625 0.877444728125 0.5647321421875 0.8981717671875 0.564200678125 0.907206634375 0.558886053125 0.904549321875 0.542942178125 0.8790391156249999 0.5408163265625
1 0.8615008484375 0.49085884375 0.8492772093750001 0.49457907968750003 0.8514030625 0.511585884375 0.8652210890625 0.5227465984374999 0.8987032328125 0.5211522093750001 0.916772959375 0.515837584375 0.916772959375 0.4993622453125 0.8981717671875 0.49192176718749997 0.8615008484375 0.49085884375
1 0.8987032328125 0.4775722765625 0.8981717671875 0.4600340140625 0.864158165625 0.45259353593749996 0.8370535718750001 0.4573767015625 0.8375850359375001 0.47597789218750003 0.8673469375 0.48022959375 0.8987032328125 0.4775722765625
1 0.9592899640624999 0.3744685359375 0.9199617359375001 0.3734056109375 0.923150509375 0.3909438796875 0.963541665625 0.392006803125 0.9592899640624999 0.3744685359375
1 1 0.462159865625 0.9619472765625 0.4563137765625 0.9274022093750001 0.4563137765625 0.9109268703125 0.4680059515625 0.9141156468749999 0.4796981296875 0.9380314640625 0.48767006718749994 0.985331634375 0.48820153125 1 0.481823978125 1 0.462159865625
1 0.9736394546874999 0.6194727906249999 0.9608843531250001 0.6322278921875 0.9592899640624999 0.6439200671875 0.9715136078125 0.6529549328125 1 0.65242346875 0.9996811203125 0.623724490625 0.9736394546874999 0.6194727906249999
1 0.9316539109375 0.64445153125 0.9348426875 0.6332908171875 0.8949829906250001 0.6285076515625 0.8668154781249999 0.638073978125 0.8684098656250001 0.65242346875 0.9247448968749999 0.6529549328125 0.9316539109375 0.64445153125