1 0.4749144203125 1 0.46932811562500004 0.9767452046875 0.46073383437500004 0.9659918890625001 0.45815554843750006 0.9526577812499999 0.45686640624999997 0.9160964999999999 0.4671795578125 0.909214384375 0.466320103125 0.8920090843749999 0.45987437968749995 0.8842667015625001 0.457725821875 0.863620334375 0.4465532546875 0.8588888703125 0.4409669515625 0.861469665625 0.44225609375 0.8885680171875 0.4452641078125 0.91007465625 0.4474126703125 0.9500769859375 0.4499909546875 0.9733041468750001 0.450850375 1 0.4749144203125 1
1 0.53765275 0.9143759734374999 0.5342150453125 0.9203978390625001 0.5337853171875 0.9333018171875 0.5333555890625 0.9500769859375 0.538512165625 0.9619148390625 0.5458173390625001 0.9524519203124999 0.5475361734375 0.9272799515625 0.5458173390625001 0.9197618484375001 0.53765275 0.9143759734374999
1 0.5183128703125 0.8795760796875 0.510578009375 0.8714035718750001 0.50799971875 0.8696830265625 0.50799971875 0.9126962984375 0.5127265671875 0.921729084375 0.5187425984375 0.9182880171875001 0.5183128703125 0.8795760796875
1 0.537223021875 0.881255759375 0.530239228125 0.8804973578125 0.5277693265625001 0.8993213265625 0.528628740625 0.9285703484375001 0.535074459375 0.9277100796875001 0.538512165625 0.904052790625 0.538512165625 0.8855570984375 0.537223021875 0.881255759375
1 0.4736157671875 0.84112046875 0.4809209015625 0.8458519234375 0.4834991921875 0.8303671421875001 0.48135062968750003 0.8114413218750001 0.4852180625 0.807570125 0.48564774999999993 0.7744499109375 0.47920203125 0.772299240625 0.47877234375000005 0.7611158078125 0.4839289203125 0.7533734203125 0.48178031718750003 0.7340174515625 0.47920203125 0.7267051921875 0.47275631249999994 0.7297161109375 0.47189689218749997 0.7413296921875 0.46545117343750003 0.7486419546875 0.463732303125 0.7602555359375 0.464591759375 0.7796115 0.4667403171875 0.798107196875 0.47060775 0.8028386609375 0.47060775 0.819613834375 0.4736157671875 0.84112046875
1 0.5019841781250001 0.8798075765625001 0.5015544515625 0.8561502671874999 0.5011247234375 0.823890321875 0.490811571875 0.823030071875 0.48954186093749996 0.8526854281249999 0.48995215625000005 0.8703446421875001 0.49553845937499996 0.883248634375 0.5019841781250001 0.8798075765625001
1 0.455138021875 0.7757403078125 0.4534191515625 0.7619760578125 0.44310600000000006 0.7469214281250001 0.443535728125 0.8114413218750001 0.44783288906249996 0.8080002546875 0.45255973593750004 0.793805875 0.45556775 0.7834826968749999 0.455138021875 0.7757403078125
1 0.4426844640625 0.562010853125 0.44526275000000004 0.5929804015625 0.44526275000000004 0.6144870359375 0.4422547359375 0.626100615625 0.44125704531250004 0.643856334375 0.451278740625 0.65276884375 0.45729473593750003 0.6342731296874999 0.45686504531249994 0.6011529328125 0.45686504531249994 0.5762052328125 0.4504193265625 0.5658820484375 0.4426844640625 0.562010853125
1 0.46717819687500006 0.637714196875 0.4641701828125 0.6437360625 0.46374045468749997 0.6553496421875 0.46331076718749997 0.6845986421875 0.46889703125000004 0.6811575984375 0.47233477187500006 0.6579304375 0.46717819687500006 0.637714196875
1 0.489523334375 0.5749316515625 0.48350734375000004 0.5805233890625 0.4826479234375 0.596868415625 0.48393707187499996 0.612783334375 0.4886639203125 0.618805178125 0.4938204953125 0.6046107984375 0.4938204953125 0.5818137859375 0.489523334375 0.5749316515625
1 0.5080010765625 0.6443864640625 0.513587384375 0.6430960671875 0.5153062140625 0.6284715453125 0.5101496390625 0.6202990359375 0.5075713484375 0.6228798296875 0.5080010765625 0.6443864640625
1 0.5144467984375 0.6744957406250001 0.5200331031250001 0.6701944234375 0.5160536609374999 0.657397103125 0.511868509375 0.6633122859375 0.5144467984375 0.6744957406250001
1 0.4708314234375 0.43095178125 0.4708314234375 0.42622031250000003 0.46782345156250005 0.418477928125 0.46739372343749996 0.396111040625 0.46875 0.375 0.459821428125 0.37053571406249997 0.45535714218749995 0.37053571406249997 0.446428571875 0.37946428593750003 0.446428571875 0.3928571421875 0.44196428593750003 0.3928571421875 0.44196428593750003 0.459821428125 0.446428571875 0.46428571406249997 0.4652451609375 0.47138423593749995 0.46875 0.459821428125 0.46875 0.44196428593750003 0.47126115156250004 0.43611337031249997 0.4708314234375 0.43095178125
1 0.44719714687499995 0.47095411093750006 0.442470259375 0.47138423593749995 0.440321696875 0.4769759546875 0.43946228125 0.5182686828125 0.44204057187499995 0.5316028078125 0.4480565625 0.5449369109375 0.4523537234375 0.5457971828125 0.455361696875 0.5384849234375 0.45407255312499994 0.5169782859375001 0.448486290625 0.5096660453124999 0.44719714687499995 0.47095411093750006
1 0.5133928578125 0.8080357140625001 0.5178571421875 0.8169642859374999 0.5267857140625 0.8125 0.5267857140625 0.7767857140625 0.5223214281249999 0.7723214281249999 0.5133928578125 0.7767857140625 0.5133928578125 0.8080357140625001
1 0.4686318390625 0.536445615625 0.475207259375 0.5379645046875 0.475207259375 0.502523803125 0.469297884375 0.501102178125 0.4686318390625 0.536445615625
1 0.5042275265625 0.5338187328124999 0.5016155359375001 0.5230337453125 0.5022685265625 0.5117424015625 0.5022685265625 0.49427376718750005 0.49769753124999994 0.48904467343749997 0.4944325171875 0.4818547015625 0.4898615265625 0.481527875 0.48920853593749997 0.48741059375000007 0.49018803593750004 0.5266287328125 0.494106040625 0.5315309953125 0.49475902656250004 0.574670946875 0.5016155359375001 0.574670946875 0.5022685265625 0.5390478125 0.5042275265625 0.5338187328124999
1 0.4741956703125 0.5477915484375 0.4721724375 0.568043375 0.4767246734375 0.578675584375 0.480771134375 0.568043375 0.47925372343749995 0.5503230359375 0.4741956703125 0.5477915484375
1 0.5133928578125 0.5178571421875 0.511092290625 0.53662071875 0.5153368031250001 0.566361134375 0.5192548078125 0.565053865625 0.5189282953125 0.5438107046875 0.5208872984374999 0.525508915625 0.5133928578125 0.5178571421875
1 0.526764303125 0.5813947640625 0.527417321875 0.5568834234375 0.5229105265625 0.5554770484375 0.5205608171875 0.5807411203124999 0.526764303125 0.5813947640625
1 0.4753697640625 0.310235259375 0.474293646875 0.272175396875 0.46819564687500004 0.24632342812500002 0.45815186093750004 0.24201476406250003 0.4606628171875 0.2696620171875 0.4617355359375 0.29730659843749996 0.46209425 0.3364436078125 0.463529053125 0.348292428125 0.46428571406249997 0.3616071421875 0.47321428593750003 0.3616071421875 0.479315553125 0.3558352640625 0.476445884375 0.33788249531250003 0.4753697640625 0.310235259375
1 0.4832630359375 0.145788821875 0.47939533437500004 0.12613375 0.47701522812499997 0.10945671875 0.475527634375 0.0802719109375 0.474040071875 0.069550959375 0.47106491562499997 0.035601295312499996 0.4704698921875 0.0040340484375 0.46422208437499995 0 0.45946183906250004 0.03828153125 0.4472637453125 0.0454288296875 0.4517264640625 0.08814237968750001 0.4511314421875 0.1420299421875 0.46213947343750006 0.162876228125 0.4704698921875 0.1988794640625 0.48028787968750003 0.211982853125 0.47969286093749997 0.2319357234375 0.4832630359375 0.23759400937500003 0.4924860046875 0.23729619687499998 0.4918909546875 0.2164809640625 0.4868332140625 0.1967948390625 0.4832630359375 0.145788821875
1 0.4478587640625 0.10498965625000001 0.44577617812500003 0.0886104328125 0.44071841093749997 0.09426870468750001 0.4413134546875 0.106478678125 0.442206 0.1183908390625 0.4472637453125 0.1183908390625 0.4478587640625 0.10498965625000001
1 0.479371790625 0.41468028593749995 0.4796693125 0.3997900984375 0.47788422812500003 0.38311307656250004 0.4769916828125 0.3825174640625 0.471041375 0.3860911109375 0.471338896875 0.405150571875 0.4731239859375 0.4188495453125 0.479371790625 0.41468028593749995
1 0.48684078125 0.46635427656250006 0.49240460781250006 0.46331650468749996 0.49054911093750003 0.448733084375 0.48431173281250006 0.45875983906249995 0.48684078125 0.46635427656250006