1 0.735043678125 0.20627104062499999 0.7368755484375 0.2337762328125 0.7570264515625 0.2502793484375 0.7716816609375 0.22185729062499998 0.7533626296875 0.1800012546875 0.727030428125 0.1015207953125 0.724052290625 0.1045018078125 0.7231363171875 0.1200880765625 0.716724728125 0.12375544218750001 0.7093970796875 0.1494269640625 0.7268001390625 0.16226271406249998 0.7341277015625 0.1833500171875 0.735043678125 0.20627104062499999
1 0.3108940265625 0.1923505625 0.321442834375 0.2174283171875 0.3280358484375 0.19763009843749998 0.325398634375 0.187730990625 0.31155334375 0.180471634375 0.3108940265625 0.1923505625
1 0.6669156875 0.264944040625 0.6379065359375 0.247785571875 0.6330018843749999 0.2588318125 0.666256428125 0.290021790625 0.714385240625 0.336877553125 0.7321863265624999 0.338857375 0.7368014421875 0.3216989421875 0.7275712671875 0.309820009375 0.697243478125 0.2827624328125 0.6669156875 0.264944040625
1 0.5708558578125 0.14013208906250002 0.5648906109375 0.14823566562499998 0.561481865625 0.1588982671875 0.5584992640625 0.1657223484375 0.572134125 0.185341540625 0.5832124515625 0.170413884375 0.583638553125 0.1554862453125 0.576821103125 0.1435441109375 0.5708558578125 0.14013208906250002
1 0.6611869015625 0.055297428125000006 0.659908634375 0.06212151406250001 0.6692826203125 0.0830202140625 0.674097875 0.081411759375 0.682065321875 0.0697985890625 0.6816392140625 0.0544444328125 0.6654478125 0.0450613265625 0.6611869015625 0.055297428125000006
1 0.6863504781249999 0.522453896875 0.6948722640625 0.516482834375 0.700837509375 0.5096587718750001 0.699559240625 0.4934515984375 0.697428803125 0.4840685140625 0.687202646875 0.4670083265625 0.6829417359375001 0.45979747812499994 0.6693068703125 0.5050069234375 0.654819803125 0.567236853125 0.6676025 0.6034897328125 0.673141678125 0.60690175 0.675272115625 0.5685163656250001 0.6863504781249999 0.522453896875
1 0.7498378609375 0.406910928125 0.7379073296875001 0.39027726406249996 0.7246985718750001 0.3766291390625 0.720011553125 0.3843062140625 0.7153245796875 0.3894242671875 0.7059505890625 0.407337446875 0.695298365625 0.4320746921875 0.7105413578124999 0.4573550625 0.72256809375 0.43847225468750006 0.7357768921875001 0.42311809843750003 0.7498378609375 0.406910928125
1 0.7396117046875 0.49732984843750005 0.7379073296875001 0.5224936078125 0.7383334328125 0.541686303125 0.7549509375000001 0.5344357234375 0.7621944546874999 0.5160960453125 0.7621944546874999 0.5079924515625 0.7579335796875 0.496903353125 0.7570813750000001 0.466195040625 0.7638988265625 0.4516938796875 0.761342290625 0.42525062968749994 0.7477074234375001 0.444443321875 0.7413160765625 0.464489009375 0.7431486875 0.47142096875000006 0.7413160765625 0.481549196875 0.7413160765625 0.48922627187499995 0.7396117046875 0.49732984843750005
1 0.6693068703125 0.629041053125 0.6688807671875 0.614113396875 0.6590807140625 0.591935178125 0.6522632640625 0.590655665625 0.645871915625 0.6418361828125 0.6377762328125 0.63927715625 0.633515321875 0.6367181296875 0.6318109468750001 0.658469853125 0.6420371031250001 0.6623083890625 0.64724478125 0.6734585265625 0.6522632640625 0.67680953125 0.6569502765624999 0.6567638390625 0.6565241734375 0.6503662765625 0.6693068703125 0.629041053125
1 0.754524834375 0.7070913609375 0.7579335796875 0.679795071875 0.7540987718750001 0.6601758609374999 0.7485595890625001 0.636291634375 0.7421682406250001 0.6094218609375 0.7366290625 0.60217128125 0.73279425 0.6162459234375001 0.7293855453125 0.622643490625 0.7284434203125 0.6223097765625 0.737055165625 0.6687059734374999 0.7438726156250001 0.718606978125 0.7498378609375 0.7343876109374999 0.754524834375 0.7070913609375
1 0.6126369015625001 0.778664646875 0.6198804546875001 0.7910332765625 0.6215847906249999 0.777385134375 0.6347935890625 0.73004315625 0.6228630578125001 0.7023203703124999 0.618176084375 0.7151155 0.6134891078125 0.7296166562499999 0.6100803609375001 0.7680020453124999 0.6126369015625001 0.778664646875
1 0.604115115625 0.78037065625 0.5994281421875 0.8144910265625 0.5955933296875 0.8362427453124999 0.594741125 0.8550089234374999 0.5977237671875 0.8618330046875 0.6096542984375 0.8456258171875 0.6130630046875 0.8166235359374999 0.609228196875 0.778664646875 0.604115115625 0.78037065625
1 0.8924513703124999 0.7419852671875 0.8826513171875 0.7415587718750001 0.865607709375 0.7407057546875 0.8472858296875 0.7462503265625 0.834503134375 0.7462503265625 0.8212943703125 0.7496623484375 0.809789946875 0.7641635046874999 0.820016103125 0.7714140671874999 0.8421727499999999 0.76714903125 0.8630511703125 0.7581924375 0.8852078578125001 0.763310490625 0.8915992046874999 0.7654430171875 0.8945818078125001 0.753500884375 0.8924513703124999 0.7419852671875
1 0.8289262718750001 0.535513490625 0.8216827140625 0.514614790625 0.8063434828125 0.5094967359375 0.8020826078125 0.5504411703125001 0.8148653031249999 0.5675013171875001 0.8285001703124999 0.610151759375 0.8340393484374999 0.6016216875 0.834465415625 0.5675013171875001 0.8289262718750001 0.535513490625
1 1 0.3913550484375 0.9980839328125001 0.3990321296875 0.992544790625 0.4122537546875 0.98998825 0.4374175171875 0.98998825 0.463007771875 1 0.4762294015625 1 0.3913550484375
1 0.7645866828125001 0.27205295937499996 0.7692736609375 0.2980697359375 0.79046128125 0.3256470359375 0.7969695265625 0.3002022453125 0.7867433703125 0.28442159375 0.7739606734375 0.2686409375 0.7645866828125001 0.27205295937499996
1 0.0203957359375 0.148565271875 0 0.1498447859375 0.0020738578125 0.2709720140625 0.0088913078125 0.332388634375 0.021247901562499998 0.4070268796875 0.0255088125 0.450956834375 0.0412741515625 0.45131900468749997 0.0476655 0.42323407187499995 0.035308870312500004 0.3212995140625 0.033178432812500006 0.129799084375 0.022952276562500002 0.1280930671875 0.0203957359375 0.148565271875
1 0.1473705359375 0.46070209375 0.1695271875 0.456863553125 0.21256229062499998 0.4479069640625 0.271362696875 0.4325528078125 0.2781801078125 0.4244492359375 0.2210840765625 0.42999378593750004 0.1887012328125 0.43724436093749997 0.1401269828125 0.44108290156249996 0.0667064828125 0.4490433921875 0.06385690625 0.4636876390625 0.111152884375 0.46283464218750003 0.1473705359375 0.46070209375
1 0.309514553125 0.563645303125 0.3457322453125 0.5141708171875 0.3708715 0.48644803124999997 0.3870629421875 0.469814365625 0.40410651406250003 0.453607196875 0.402402178125 0.44763614687500003 0.37939332187499997 0.459578259375 0.353401865625 0.481756478125 0.3308190765625 0.5141708171875 0.3026971421875 0.5551152328125 0.279688290625 0.5905150765625 0.2818187234375 0.5917945890625 0.297157959375 0.5935006203125 0.309514553125 0.563645303125
1 0.2679849328125 0.6739936609375 0.2828981078125 0.6236661390625 0.2892894546875 0.6100180140625 0.29653296875 0.605752959375 0.311020040625 0.6010614234375 0.305906959375 0.5933843484375 0.285880709375 0.5976131703124999 0.27608065625 0.6129673265625 0.264150125 0.638984084375 0.24881088906249998 0.6701189109375 0.24071520937500002 0.7131958296875001 0.23474992343749998 0.771626928125 0.24956325937499999 0.7770347453124999 0.2552022359375 0.7405128484375 0.26074142031249997 0.7038489734375 0.2679849328125 0.6739936609375
1 0.2603153171875 1 0.2556283390625 0.9775173390624999 0.2505152640625 0.93699940625 0.2483848265625 0.917806709375 0.253071803125 0.8913634546875 0.2526457015625 0.8649201828124999 0.2364542953125 0.8521250531250001 0.2356021296875 0.8841128796875 0.24071520937500002 0.9348668968749999 0.24114127187499998 0.9715462546875001 0.24572710312499998 1 0.2603153171875 1
1 0.1351179328125 1 0.138453634375 0.9425439734375001 0.13973190156249998 0.9220717671875001 0.149105853125 0.9050115796875 0.149105853125 0.8738767718749999 0.155923303125 0.85553709375 0.1695581703125 0.8056360796875 0.1742451828125 0.7958264859375 0.163166821875 0.7800458265625 0.1341927234375 0.8039300624999999 0.13334055312499998 0.81885771875 0.1324883484375 0.8261082984374999 0.124392665625 0.8461539859375 0.12226219218750001 0.8964815093749999 0.12226219218750001 0.9152476875 0.11374040625 0.9237777765624999 0.1120360359375 0.9357198921875 0.112888240625 0.9476620265625 0.093714196875 0.940411446875 0.0374703078125 0.9015995625000001 0 0.882406865625 0 0.9152476875 0.0485486515625 0.9382789203125 0.08306193281249999 0.9532065765625 0.10394035312500001 0.958324625 0.11331430312499999 0.958751125 0.11374040625 1 0.1351179328125 1
1 0.4342129828125 0.98497359375 0.46957846875 1 0.5011091078125001 0.9994747546875 0.4857698703125 0.9943567015625 0.44316087031249995 0.9730314828125 0.4094030984375 0.9534979281249999 0.41035195937499996 0.9662074203125 0.415465040625 0.9717519687499999 0.4342129828125 0.98497359375
1 0.493704834375 0.3931293609375 0.515861521875 0.38545228593749997 0.4911482953125 0.3833197546875 0.46856554531250005 0.390570334375 0.45415825468750004 0.4017307984375 0.458765490625 0.411469040625 0.472400353125 0.4097630484375 0.493704834375 0.3931293609375
1 0.5184180625 0.449854428125 0.526087678125 0.45625199062500005 0.5350355671875 0.46094356718749996 0.5525052406250001 0.4532664859375 0.5802011078125 0.451560459375 0.5767923609375 0.44260386562500004 0.531200759375 0.444736375 0.5231050359375 0.43663282187499997 0.5009483890624999 0.4370592984375 0.4643880046875 0.4317806875 0.46856554531250005 0.444736375 0.4898700265625 0.4477219203125 0.5184180625 0.449854428125
1 0.44640885781249995 0.3010044328125 0.448113228125 0.28351775 0.44939150000000005 0.2702961203125 0.4536524109375 0.25835400937499997 0.45748721875 0.24811790625 0.457061115625 0.234896259375 0.4540784734375 0.2284986921875 0.44640885781249995 0.229351709375 0.4395914421875 0.2472648890625 0.4395914421875 0.2707226203125 0.4361827015625 0.300151415625 0.43703490624999997 0.30953452656249997 0.4417218796875 0.3112405359375 0.44640885781249995 0.3010044328125
1 0.3743996921875 0.3632740671875 0.381217103125 0.3769221921875 0.36928661093750004 0.3219031390625 0.365877865625 0.295459884375 0.342270365625 0.2949577859375 0.3471299234375 0.3082550140625 0.361616990625 0.3274477046875 0.3743996921875 0.3632740671875
1 0.5154415578125 0 0.5145057359375 0.028660946875 0.5338003796875 0.0468210765625 0.5471522453125 0.013408928125 0.5404763125 0.000044071875 0.5154415578125 0