1 0.1359223171875 0.862392021875 0.137342665625 0.875187759375 0.152256521875 0.87803128125 0.160778728125 0.8709225140625 0.1650398296875 0.860259396875 0.1408935578125 0.8254265265624999 0.1558074203125 0.8041002953125 0.1572278296875 0.7898828265625 0.1735620359375 0.7749544640625 0.175692584375 0.755760853125 0.1664601734375 0.7493629828125 0.14373431718750002 0.7692674546875 0.1259797015625 0.762869584375 0.10183349531250001 0.7763761921875 0.09189088437500001 0.8012568078125 0.0952382953125 0.82896778125 0.1224090046875 0.8273375046875 0.1316612140625 0.8389331656250001 0.13379176718750002 0.8517289015625 0.1359223171875 0.862392021875
1 0.0329456515625 0.8538615265624999 0.0258437953125 0.8687898921875 0.053540959374999995 0.8716334109374999 0.069165021875 0.8695007859375 0.0826585359375 0.8588376703125 0.0649039203125 0.8431984109374999 0.057091923437500004 0.8403548921875 0.048569718750000004 0.8588376703125 0.0329456515625 0.8538615265624999
1 0.40368295156249995 0.41855217343750006 0.3873487453125 0.42708267031249997 0.372434884375 0.44414365624999996 0.37598578125 0.4668916515625 0.3845079859375 0.49035050468749997 0.363202478125 0.525894209375 0.39729129531249996 0.498881 0.41646625468750004 0.49106137031249997 0.4377717671875 0.468313375 0.4455837671875 0.447698040625 0.448424521875 0.42566091093749997 0.44345321406249993 0.417130415625 0.44203287031249994 0.4064672984375 0.45055507656250005 0.390828071875 0.441322665625 0.3801649546875 0.4221477046875 0.388695446875 0.40723384375 0.37447795156249997 0.410074603125 0.348175603125 0.401552396875 0.3346689859375 0.388058884375 0.3567060984375 0.3901894375 0.3730562234375 0.39445054062499996 0.3837193390625 0.401552396875 0.3993585671875 0.40368295156249995 0.41855217343750006
1 0.5613998703124999 0.3095050765625 0.5876766921875001 0.2696961296875 0.5947784859375 0.2313088921875 0.5621100765625 0.2554786296875 0.551457321875 0.2590330140625 0.5095564375 0.303818103125 0.5118671109374999 0.3466914109375 0.5258907046875 0.35357930312499997 0.537253603125 0.3372291828125 0.5613998703124999 0.3095050765625
1 0.6480422671875 0.22348928125 0.6309978578125001 0.22348928125 0.6210553078125 0.2469481390625 0.6376137953125001 0.281686771875 0.6444913703124999 0.2682743703125 0.6459117140624999 0.24339375468750002 0.6480422671875 0.22348928125
1 0.7432069328125 0.3741946734375 0.7531495453125 0.34860319687499997 0.7772957500000001 0.3237225765625 0.7751652015625 0.315902946875 0.726162521875 0.3350965578125 0.6759771875 0.3946456515625 0.6842616390625 0.398364396875 0.728293071875 0.37135115625 0.7432069328125 0.3741946734375
1 0.5770239375 0.453812603125 0.5578489734375001 0.4481255984375 0.535833259375 0.46092133906250005 0.4996138890625 0.48864544218750006 0.483989821875 0.5142369203125 0.49038147812500005 0.5327197015625 0.5044075625 0.5363770796875 0.5180786421875 0.5042847015625 0.537253603125 0.48509108906250004 0.590517384375 0.4722953484375 0.5770239375 0.453812603125
1 0.6068516515625 0.38770128125 0.5997497953125001 0.38556865625 0.5841257328125 0.398364396875 0.5791544859375 0.41542538437500004 0.5763137328125 0.42466674062500004 0.5883868296875 0.43319723281250005 0.5926479328125 0.4317755046875 0.5926479328125 0.42893198593750004 0.6025905484375 0.411871 0.6224756515625 0.3955209109375 0.6189247546875001 0.38627951718750003 0.6068516515625 0.38770128125
1 0.8692926562500001 0.20187841562500003 0.8948592671875 0.18268480781250002 0.9048017546875 0.1528280796875 0.874974040625 0.1521172140625 0.8330732859375001 0.20614366562500003 0.841595490625 0.2189394015625 0.8565093484374999 0.21680678125 0.8692926562500001 0.20187841562500003
1 0.722994759375 0.12865835781249998 0.7166031078125 0.13363446875 0.7111436296875 0.1633996390625 0.722994759375 0.16420209375 0.7244151078125001 0.1506954546875 0.722994759375 0.12865835781249998
1 0.7627650265625 0.2033001734375 0.7719974374999999 0.1926370578125 0.7876214375 0.174865209375 0.790462196875 0.1627803296875 0.7798094375 0.1549607015625 0.767736334375 0.15993684375 0.7471409640625 0.1684673390625 0.7471409640625 0.17841955781250002 0.7407493125 0.1833957015625 0.729259678125 0.200697384375 0.745010415625 0.21040891093749997 0.756373375 0.20614366562500003 0.7627650265625 0.2033001734375
1 0.8046658484375 0.147141103125 0.8124779109375 0.151406353125 0.8273917718750001 0.1329236078125 0.84869728125 0.11728436093750001 0.843284209375 0.1026575984375 0.8323630140624999 0.10448862031249999 0.8245510796875 0.115862615625 0.807506603125 0.13221272343749998 0.8046658484375 0.147141103125
1 0.399397146875 0.67868325 0.40072307656249995 0.6762500140625 0.3894545984375 0.6737071390625 0.3716999828125 0.6872137406250001 0.3674388796875 0.7120943609375 0.3674388796875 0.720624853125 0.391585146875 0.6907681250000001 0.399397146875 0.67868325
1 0.5490191609374999 0.6203306656249999 0.5603821203125 0.685020228125 0.5681941203124999 0.7170095796875 0.5745857765625 0.7290944546875 0.587369084375 0.7461554421875001 0.5930505984375001 0.7681925406250001 0.5987320453125 0.8108450093749999 0.604413490625 0.832171271875 0.6164866609375 0.8520757140624999 0.6207477640625 0.834303896875 0.6257190046875001 0.807290625 0.6093847984375 0.7617946703125 0.5944709421875001 0.7234074515625 0.5667737765624999 0.6494764953125001 0.5561210171875001 0.5862086921875 0.5555587546874999 0.4830945890625 0.5440479203125 0.48881887968750004 0.541917365625 0.52862784375 0.5490191609374999 0.6203306656249999
1 0.6953170531249999 0.752429 0.6995781562500001 0.88536253125 0.6946068484375 0.95431734375 0.729405875 1 0.7471604234375 0.9864309859375 0.7464502859375 0.86629325 0.7471604234375 0.770325165625 0.710230915625 0.6494764953125001 0.6557298390625 0.44366554531249996 0.658387478125 0.5075236203125 0.6867948484374999 0.7008814515624999 0.6953170531249999 0.752429