1 0.4773264421875 0.548750146875 0.48952384843749996 0.582695584375 0.5113048921875001 0.611418646875 0.522631071875 0.6227338171875 0.5539957953125 0.629696959375 0.57403434375 0.6436233171875 0.5923304328125 0.6305673796875 0.5897167046875 0.576602865625 0.5635794375 0.5313422546875 0.510433665625 0.488692834375 0.510433665625 0.48695206718749995 0.49388007187499994 0.48695206718749995 0.4729702546875 0.49043367812499994 0.4729702546875 0.520027084375 0.4773264421875 0.548750146875
1 0.6306651109375 0.6305673796875 0.6437337453125 0.642752896875 0.6681285171875 0.6453640843749999 0.6724847859375 0.629696959375 0.6655147953125 0.6096778796875 0.6629010671875 0.587047615625 0.6533174234375 0.566158115625 0.6367637953124999 0.559194896875 0.623644134375 0.5553399375 0.6202102015625 0.5887883796875 0.622823928125 0.6227338171875 0.6306651109375 0.6305673796875
1 0.7642435046875 0.7054890312500001 0.7699243578125 0.7228605531250001 0.7777655359375 0.7472315843749999 0.783864259375 0.760287521875 0.7917054421875 0.759417178125 0.800417853125 0.735916490625 0.795190396875 0.707193428125 0.7932697015625 0.7050057187500001 0.7932697015625 0.693889834375 0.7840780796875 0.6847071203125 0.769081196875 0.6895401390625 0.7642435046875 0.7054890312500001
1 0.87185125 0.6286443484375 0.851049125 0.6189783656250001 0.8104124515625 0.6199449515625 0.8181527859375001 0.6436266609375 0.8258930984375 0.65764234375 0.832665884375 0.6808407359374999 0.8614479375 0.7035558171875 0.888293115625 0.7064556203125 0.8945884234375001 0.7035558171875 0.9095853078125 0.6996894328125001 0.907650209375 0.6745578265625001 0.8931371109375 0.6474930453125001 0.87185125 0.6286443484375
1 0.947022071875 0.739320040625 0.9678241703125 0.7678347234375 0.9745969593750001 0.783300303125 0.998301678125 0.785716834375 1 0.7296540140625 0.9905613890625 0.7224045140625 0.9755645046874999 0.7151550171875 0.955729928125 0.70017275 0.9407330671875 0.6900234515625 0.9392817593749999 0.6905067234375 0.9387979734374999 0.6914733531249999 0.9305738968749999 0.6963063218750001 0.9349278296874999 0.7224045140625 0.947022071875 0.739320040625
1 0.7622742015624999 0.35211430312499997 0.742439625 0.3501810890625 0.7211537406249999 0.3424482765625 0.7167998078125 0.3545307859375 0.7346993125 0.37579596875 0.7617904156249999 0.3965778796875 0.7767872984374999 0.39851109375 0.7825925406249999 0.41542657656250004 0.798073165625 0.432825375 0.8121025 0.41542657656250004 0.8208103578125 0.4120434640625 0.8367747671875 0.42315938906249995 0.8416124593750001 0.40479396406249996 0.8406449328125 0.3782125 0.834839696875 0.3666132984375 0.8246805265624999 0.3617802859375 0.8134441656250001 0.3492596203125 0.8111349515624999 0.340031790625 0.7898490890625001 0.339548478125 0.7835600625 0.3501810890625 0.7622742015624999 0.35211430312499997
1 0.5602403078125 0.35743058906249997 0.5583052359375 0.382078884375 0.5660455484375 0.401894165625 0.5752371921874999 0.414459990625 0.5984581515625 0.40479396406249996 0.60958484375 0.3767625984375 0.609101103125 0.3738627984375 0.5979743656250001 0.35259757187499996 0.5795911203124999 0.3424482765625 0.5689481703125 0.344864803125 0.5602403078125 0.35743058906249997
1 0.6564772140625 0.43137547343750005 0.6647012906249999 0.43910828593750006 0.6767955531250001 0.4487742671875 0.687438509375 0.43814165625 0.6888898171875 0.4284756734375 0.6850196296875 0.3941613921875 0.680665696875 0.37869576718750003 0.66905521875 0.3801456703125 0.6584123078124999 0.38546199531249997 0.65502590625 0.3941613921875 0.6540583578125 0.41590989218749996 0.6564772140625 0.43137547343750005
1 0.5319420171875 0.308121771875 0.511139915625 0.308121771875 0.493724196875 0.2950726734375 0.48211371875 0.27960709375000004 0.4685681703125 0.26462478125 0.4569576875 0.2501257859375 0.44921735781249994 0.2588251828125 0.44776604531249997 0.2820235765625 0.4555063796875 0.307638459375 0.4642142359375 0.3250372546875 0.49033781718749997 0.3463024828125 0.5077535359375001 0.3559684640625 0.532425803125 0.34823565156249997 0.5604844515625 0.3327700671875 0.590961959375 0.283473478125 0.5991860578125 0.283473478125 0.5774164109375 0.2747740796875 0.561452 0.280573678125 0.5464551156249999 0.29120629062500003 0.5319420171875 0.308121771875
1 0.365920625 0.4009153578125 0.34221590625 0.3912493703125 0.33786197812499996 0.41444776718750004 0.35334262031249997 0.435712946875 0.3572127671875 0.45842803125 0.3528588390625 0.48887592343749997 0.3518913125 0.5004751203125 0.34124835781249996 0.5285065312499999 0.34608607187499996 0.557504571875 0.359631646875 0.567653865625 0.3741447453125 0.56862040625 0.38865784375 0.5512216109375 0.3939792984375 0.529956428125 0.3949468265625 0.5106244203125 0.40123584843750004 0.49467552187499997 0.41574894687499997 0.49032582187499996 0.42784320937500003 0.475343553125 0.42300549531250003 0.455044959375 0.4089761828125 0.4308799328125 0.40268715625 0.41879746406249996 0.42687564218749996 0.390282740625 0.4254243296875 0.37868354531250004 0.40220337500000003 0.353068665625 0.375112271875 0.350168865625 0.363501790625 0.37626705781249997 0.365920625 0.4009153578125
1 0.18824011093749998 0.0999997859375 0.1804997984375 0.10676597343750001 0.1742107984375 0.1188484828125 0.16501915625000002 0.113048884375 0.16695425 0.08308430312500001 0.17469456249999998 0.0511865140625 0.1717919421875 0.0333044015625 0.15776260312499998 0.0294380171875 0.14953853125 0.0424871109375 0.14808721875 0.05891928125 0.1447008171875 0.07921787500000001 0.1379280484375 0.0961334015625 0.1326065765625 0.11208229843749999 0.1229311703125 0.129964365625 0.117125928125 0.1507462765625 0.1258337859375 0.1686283890625 0.14083067031250002 0.1768444734375 0.1548599859375 0.1773277859375 0.1742107984375 0.16959497343750002 0.190658990625 0.13769717812499999 0.2009558078125 0.1091745671875 0.2008181609375 0.10724928593750001 0.199366853125 0.0946835046875 0.18824011093749998 0.0999997859375
1 0.0750379421875 0.07219707187499999 0.0595573171875 0.062047771875000005 0.054719603125 0.0692972671875 0.050849459374999996 0.10119506250000002 0.0600410796875 0.1248767328125 0.072135321875 0.14034235781249998 0.08761596875 0.147108540625 0.099710209375 0.1451753265625 0.10358037499999999 0.1258433578125 0.10793430781249999 0.0915290359375 0.099710209375 0.0963620484375 0.0968075890625 0.1156940625 0.0847133484375 0.11327753125 0.076005490625 0.094428834375 0.0750379421875 0.07219707187499999
1 0.010214584375 0 0.007795728125 0.0182859234375 0.0126334203125 0.035684723437499996 0.0218250625 0.04535075 0.0387569953125 0.0371346203125 0.033919303125 0 0.010214584375 0