1 0 0.683928571875 0.0915387859375 0.6611049109375 0.2109654015625 0.629645646875 0.2310058578125 0.5939662359375 0.296770365625 0.5990094859374999 0.4853515625 0.57060546875 0.562395365625 0.5300502234375 0.609416853125 0.557282365625 0.649567521875 0.547809709375 0.6535644546875 0.5278529546875 0.8699428031249999 0.49169921875 0.8379813078125 0.47660435312500005 0.6317452593749999 0.5132952015625001 0.60348075 0.5067173578124999 0.5828613296875 0.5209472671875 0.552936665625 0.49443359375 0.5129534062500001 0.4983677453125 0.510260884375 0.5157993890625 0.46776645937500005 0.54384765625 0.0934640046875 0.583503071875 0 0.6078194781249999 0 0.683928571875
1 0.7838328437500001 0.674149584375 0.7864069687499999 0.6638630796875 0.782803209375 0.647919071875 0.7694177765625 0.6453474203125 0.7359542046875001 0.645861759375 0.7040351296875 0.6551195890625 0.677779103125 0.6715779375 0.6716012140625 0.6839217046875 0.6793235765625 0.693693875 0.7030054734375 0.6957511875 0.7344097328125 0.6967798171874999 0.7687346734375 0.6884518796875 0.767873303125 0.687521990625 0.7673584859375 0.6859790171875 0.7699953703125 0.6877352453125 0.7838328437500001 0.674149584375
1 0.7014610046875001 0.552769134375 0.6618195453125 0.549168896875 0.647404478125 0.541454040625 0.633504228125 0.5424826734375 0.612911271875 0.5548264421875 0.5748142640625 0.566655875 0.573269790625 0.5728277640624999 0.591288665625 0.5805426203125 0.5712105265625 0.58722884375 0.5598414015625 0.6292995218749999 0.6309300984374999 0.5964866734375 0.6746901609375 0.5970010140625 0.7205094859375001 0.5759137046875 0.684986625 0.573342103125 0.7014610046875001 0.5609983296875 0.7014610046875001 0.552769134375
1 0.724840928125 0.5280815890625 0.737711521875 0.5296245625 0.767056490625 0.53528215625 0.7675713078124999 0.554312103125 0.75521553125 0.56511290625 0.7588193125 0.571284790625 0.7722047234375 0.5645986109375001 0.780956740625 0.5697418171875 0.8154499421875 0.581056959375 0.8108165265625 0.5774566734375 0.797431115625 0.5692275265625 0.819053728125 0.5697418171875 0.8226574859375001 0.5584267281249999 0.8478838578125 0.55534078125 0.859724821875 0.55019753125 0.8679619953125 0.5429970140625 0.8731102546875 0.5301389015625 0.8895846078125 0.530653240625 0.9081182859375 0.530653240625 0.9168702906249999 0.524995646875 0.9065738124999999 0.520881071875 0.8875253171875 0.5177951296875001 0.8705361249999999 0.5095659328125001 0.8435524375 0.4982508390625 0.818840884375 0.511623240625 0.8167815984375 0.5033940453125 0.8322263171875001 0.495164896875 0.8378893796875 0.48487838906249997 0.8301670171875 0.4673914109375 0.8147222859375001 0.46430546875 0.8033961656249999 0.47304895468749997 0.7508841109375 0.46996301406249996 0.7323504468750001 0.48076381250000005 0.7040351296875 0.4900216421875 0.6871812671875001 0.505818446875 0.6836549734374999 0.512651875 0.6960107718749999 0.5224240453125 0.7057924234375 0.5296245625 0.720207509375 0.5157378171875 0.724840928125 0.5280815890625
1 0.8247167765625001 0.5805426203125 0.8401615 0.5805426203125 0.8571506921875001 0.5759137046875 0.865902709375 0.5707705 0.8473690453125 0.5681988484375 0.825231615625 0.5687131875 0.8159647859374999 0.5743707328125 0.8247167765625001 0.5805426203125
1 0.839131865625 0.6695206703125 0.8489135140625 0.6695206703125 0.890099446875 0.6612914734374999 0.9163554734374999 0.65460525 0.9354039546875 0.6463760984375 0.9477597328125 0.63608959375 0.9266519515624999 0.6206598796875 0.8761991968749999 0.6196312453124999 0.8586951656249999 0.635060959375 0.853032115625 0.6268317640625 0.8432504421875 0.62117421875 0.8303798484374999 0.614487990625 0.8036090093749999 0.6175739328125001 0.803094165625 0.6196312453124999 0.788679103125 0.6494620453125 0.8036090093749999 0.6525479859375001 0.8236871421874999 0.660777134375 0.839131865625 0.6695206703125
1 0.9456429234374999 0.5877431828125 0.9446132671875 0.6036871921875 0.9760175265625 0.6078018125 1 0.6046033078125 0.9996994515625 0.6031728968750001 0.9986697953125001 0.5537978125 0.9729285843750001 0.5589410171875 0.96366175 0.5753994109375 0.9456429234374999 0.5877431828125
1 0.43110166093749996 0.5929010265625 0.45015017031250004 0.591358053125 0.4702283078125 0.5908437640625 0.49236573281249996 0.5738710765625 0.4789802984375 0.56615621875 0.46199110781249997 0.5584413609375 0.44088333437499994 0.5563840484375 0.418745884375 0.5656418796875 0.41617178125 0.5862148484375 0.4135976515625 0.587243478125 0.41435576406249996 0.58837953125 0.43110166093749996 0.5929010265625
1 0.44912051406250003 0.6854793124999999 0.468683834375 0.68393634375 0.467654178125 0.6535912546875 0.4367647359375 0.656677196875 0.417201415625 0.656677196875 0.3868268125 0.6710782765625 0.36072816093750004 0.6879530359375 0.361600415625 0.701423365625 0.3693227765625 0.714281478125 0.39043057187499997 0.714795771875 0.4228644859375 0.7050236515625 0.44912051406250003 0.6854793124999999
1 0.2296041296875 0.6690209687500001 0.21312977656249998 0.6736498796875 0.1961405796875 0.6772501656250001 0.1904774859375 0.6906225671875 0.2038629421875 0.7039949734375 0.22033729531250001 0.701423365625 0.23546854062499997 0.7045093125 0.27768407968750003 0.6931941703125 0.3039401078125 0.679307428125 0.32916650000000003 0.6592487984375001 0.30188084375 0.656677196875 0.2679024546875 0.658220165625 0.2296041296875 0.6690209687500001
1 0.18513081250000002 0.736911709375 0.20726824062500002 0.72302496875 0.1866752859375 0.7199390265625001 0.161448915625 0.7189103921875 0.145489353125 0.731254165625 0.11916829843750001 0.74429128125 0.1145999109375 0.7435979374999999 0.11511475 0.748226853125 0.127985321875 0.7487411421875 0.16505267343750002 0.73999765625 0.18513081250000002 0.736911709375
1 0.2330094515625 0.6366185671875 0.231464978125 0.6211888531249999 0.20726824062500002 0.611931021875 0.1835863390625 0.6088450796875 0.1629933890625 0.6129596562499999 0.136222521875 0.6175885671875 0.11717401718750001 0.6309610171875 0.104303446875 0.6289037093750001 0.072899165625 0.6391901703125 0.063117490625 0.6453620531250001 0.0667212765625 0.6463907359375 0.09606624531249999 0.6628490796875 0.122322271875 0.6700495984375 0.14806348281249998 0.6654206828125 0.1609340765625 0.6571915359375 0.209327553125 0.65410559375 0.2330094515625 0.6366185671875
1 0.09040319687500001 0.5923867328125 0.074443634375 0.59804428125 0.0667212765625 0.607816446875 0.0754732671875 0.614502625 0.1145999109375 0.6160455984375 0.13416320937499998 0.608330740625 0.1367373609375 0.5934153656250001 0.1269556875 0.585700509375 0.1073923890625 0.587243478125 0.09040319687500001 0.5923867328125
1 0.310747875 0.5450689109375 0.2541172453125 0.5486691921875 0.22631674531249998 0.5604986249999999 0.2016051921875 0.561527303125 0.189249415625 0.566670509375 0.1712305625 0.576442678125 0.1547561875 0.5923867328125 0.17020090625 0.591358053125 0.1830715265625 0.5918723921875 0.2067534234375 0.5934153656250001 0.2299205046875 0.5903294234375001 0.2499986421875 0.59598696875 0.24948382656249998 0.5944439953125 0.27368054062499997 0.5851861703125001 0.29942175 0.574385365625 0.3246481203125 0.555869709375 0.310747875 0.5450689109375
1 0 0.8171462281249999 0.007106192187500001 0.8140602859375001 0.020491603125 0.8130316515624999 0.0302732765625 0.8094313703125 0.0385104515625 0.798630571875 0.0385104515625 0.785258165625 0.03130290625 0.7821722234374999 0 0.7816578843750001 0 0.8171462281249999