1 0.48956633437499997 0.488692834375 0.43642056250000005 0.5313422546875 0.41028329531249996 0.576602865625 0.4076695671875 0.6305673796875 0.42596565625 0.6436233171875 0.4460042046875 0.629696959375 0.47736892812500004 0.6227338171875 0.4886951078125 0.611418646875 0.5104761515625 0.582695584375 0.5226735578125 0.548750146875 0.5270297453125 0.520027084375 0.5270297453125 0.49043367812499994 0.5061199281250001 0.48695206718749995 0.48956633437499997 0.48695206718749995 0.48956633437499997 0.488692834375
1 0.3275152140625 0.629696959375 0.3318714828125 0.6453640843749999 0.3562662546875 0.642752896875 0.3693348890625 0.6305673796875 0.377176071875 0.6227338171875 0.3797897984375 0.5887883796875 0.376355865625 0.5553399375 0.3632362046875 0.559194896875 0.3466825765625 0.566158115625 0.3370989328125 0.587047615625 0.3344852046875 0.6096778796875 0.3275152140625 0.629696959375
1 0.21613574062500002 0.760287521875 0.22223446406249997 0.7472315843749999 0.2300756421875 0.7228605531250001 0.23575649531249998 0.7054890312500001 0.23091880312500002 0.6895401390625 0.21592192031250002 0.6847071203125 0.2067302984375 0.693889834375 0.2067302984375 0.7050057187500001 0.20480960312500002 0.707193428125 0.199582146875 0.735916490625 0.2082945578125 0.759417178125 0.21613574062500002 0.760287521875
1 0.167334115625 0.6808407359374999 0.1741069015625 0.65764234375 0.18184721406249998 0.6436266609375 0.1895875484375 0.6199449515625 0.14895087499999998 0.6189783656250001 0.12814874999999998 0.6286443484375 0.10686288906250001 0.6474930453125001 0.092349790625 0.6745578265625001 0.0904146921875 0.6996894328125001 0.1054115765625 0.7035558171875 0.11170688437500001 0.7064556203125 0.13855206250000002 0.7035558171875 0.167334115625 0.6808407359374999
1 0.044270071875 0.70017275 0.0244354953125 0.7151550171875 0.0094386109375 0.7224045140625 0 0.7296540140625 0.001698321875 0.785716834375 0.025403040625 0.783300303125 0.032175829687500004 0.7678347234375 0.052977928125 0.739320040625 0.0650721703125 0.7224045140625 0.069426103125 0.6963063218750001 0.0612020265625 0.6914733531249999 0.060718240624999996 0.6905067234375 0.05926693281249999 0.6900234515625 0.044270071875 0.70017275
1 0.257560375 0.3501810890625 0.2377257984375 0.35211430312499997 0.21643993749999998 0.3501810890625 0.2101509109375 0.339548478125 0.18886504843750002 0.340031790625 0.186555834375 0.3492596203125 0.1753194734375 0.3617802859375 0.16516030312500002 0.3666132984375 0.1593550671875 0.3782125 0.158387540625 0.40479396406249996 0.1632252328125 0.42315938906249995 0.1791896421875 0.4120434640625 0.1878975 0.41542657656250004 0.20192683437499998 0.432825375 0.217407459375 0.41542657656250004 0.2232127015625 0.39851109375 0.238209584375 0.3965778796875 0.2653006875 0.37579596875 0.2832001921875 0.3545307859375 0.27884625937499996 0.3424482765625 0.257560375 0.3501810890625
1 0.44169476406249997 0.382078884375 0.43975969218750005 0.35743058906249997 0.4310518296875 0.344864803125 0.4204088796875 0.3424482765625 0.402025634375 0.35259757187499996 0.390898896875 0.3738627984375 0.39041515625 0.3767625984375 0.4015418484375 0.40479396406249996 0.42476280781250003 0.414459990625 0.43395445156249995 0.401894165625 0.44169476406249997 0.382078884375
1 0.312561490625 0.43814165625 0.323204446875 0.4487742671875 0.335298709375 0.43910828593750006 0.34352278593749996 0.43137547343750005 0.3459416421875 0.41590989218749996 0.34497409375 0.3941613921875 0.34158769218749996 0.38546199531249997 0.33094478125000004 0.3801456703125 0.319334303125 0.37869576718750003 0.3149803703125 0.3941613921875 0.31111018281249997 0.4284756734375 0.312561490625 0.43814165625
1 0.46805798281250005 0.308121771875 0.453544884375 0.29120629062500003 0.43854800000000005 0.280573678125 0.42258358906250004 0.2747740796875 0.4008139421875 0.283473478125 0.40903804062500004 0.283473478125 0.43951554843749996 0.3327700671875 0.46757419687499996 0.34823565156249997 0.4922464640625 0.3559684640625 0.5096621828125001 0.3463024828125 0.5357857640625 0.3250372546875 0.5444936203124999 0.307638459375 0.5522339546875 0.2820235765625 0.5507826421875001 0.2588251828125 0.5430423125 0.2501257859375 0.5314318296875 0.26462478125 0.51788628125 0.27960709375000004 0.506275803125 0.2950726734375 0.488860084375 0.308121771875 0.46805798281250005 0.308121771875
1 0.6481086875 0.5004751203125 0.6471411609375 0.48887592343749997 0.6427872328124999 0.45842803125 0.6466573796875 0.435712946875 0.6621380218749999 0.41444776718750004 0.65778409375 0.3912493703125 0.634079375 0.4009153578125 0.636498209375 0.37626705781249997 0.624887728125 0.350168865625 0.597796625 0.353068665625 0.5745756703125 0.37868354531250004 0.5731243578125 0.390282740625 0.5973128437499999 0.41879746406249996 0.5910238171875 0.4308799328125 0.5769945046875 0.455044959375 0.572156790625 0.475343553125 0.584251053125 0.49032582187499996 0.5987641515625 0.49467552187499997 0.6050531734375 0.5106244203125 0.6060207015625 0.529956428125 0.61134215625 0.5512216109375 0.6258552546875 0.56862040625 0.640368353125 0.567653865625 0.6539139281249999 0.557504571875 0.6587516421874999 0.5285065312499999 0.6481086875 0.5004751203125
1 0.8330457499999999 0.08308430312500001 0.83498084375 0.113048884375 0.8257892015625 0.1188484828125 0.8195002015625 0.10676597343750001 0.8117598890625001 0.0999997859375 0.800633146875 0.0946835046875 0.7991818390625001 0.10724928593750001 0.7990441921875 0.1091745671875 0.809341009375 0.13769717812499999 0.8257892015625 0.16959497343750002 0.8451400140625 0.1773277859375 0.8591693296875 0.1768444734375 0.8741662140625 0.1686283890625 0.882874071875 0.1507462765625 0.8770688296875001 0.129964365625 0.8673934234375 0.11208229843749999 0.8620719515624999 0.0961334015625 0.8552991828125001 0.07921787500000001 0.85191278125 0.05891928125 0.8504614687500001 0.0424871109375 0.842237396875 0.0294380171875 0.8282080578125001 0.0333044015625 0.8253054375 0.0511865140625 0.8330457499999999 0.08308430312500001
1 0.8920656921875001 0.0915290359375 0.896419625 0.1258433578125 0.900289790625 0.1451753265625 0.91238403125 0.147108540625 0.927864678125 0.14034235781249998 0.9399589203125001 0.1248767328125 0.949150540625 0.10119506250000002 0.9452803968750001 0.0692972671875 0.9404426828125001 0.062047771875000005 0.9249620578125001 0.07219707187499999 0.923994509375 0.094428834375 0.9152866515625 0.11327753125 0.9031924109375 0.1156940625 0.900289790625 0.0963620484375 0.8920656921875001 0.0915290359375
1 0.966080696875 0 0.9612430046875 0.0371346203125 0.9781749375000001 0.04535075 0.9873665796875001 0.035684723437499996 0.9922042718749999 0.0182859234375 0.989785415625 0 0.966080696875 0