1 0.2506370171875 0.1664601734375 0.23073254531249998 0.14373431718750002 0.23713041562499998 0.1259797015625 0.2236238078125 0.10183349531250001 0.1987431921875 0.09189088437500001 0.17103221875000002 0.0952382953125 0.1726624953125 0.1224090046875 0.161066834375 0.1316612140625 0.1482710984375 0.13379176718750002 0.137607978125 0.1359223171875 0.124812240625 0.137342665625 0.12196871875 0.152256521875 0.12907748593749999 0.160778728125 0.139740603125 0.1650398296875 0.17457347343750002 0.1408935578125 0.1958997046875 0.1558074203125 0.21011717343749997 0.1572278296875 0.2250455359375 0.1735620359375 0.24423914687499998 0.175692584375 0.2506370171875 0.1664601734375
1 0.1283665890625 0.053540959374999995 0.1304992140625 0.069165021875 0.1411623296875 0.0826585359375 0.1568015890625 0.0649039203125 0.15964510781250002 0.057091923437500004 0.1411623296875 0.048569718750000004 0.1461384734375 0.0329456515625 0.1312101078125 0.0258437953125 0.1283665890625 0.053540959374999995
1 0.5743390890625 0.448424521875 0.582869584375 0.44345321406249993 0.5935327015625 0.44203287031249994 0.609171928125 0.45055507656250005 0.6198350453125 0.441322665625 0.611304553125 0.4221477046875 0.6255220484375 0.40723384375 0.651824396875 0.410074603125 0.6653310140625 0.401552396875 0.6432939015625 0.388058884375 0.6269437765625 0.3901894375 0.6162806609375 0.39445054062499996 0.6006414328125 0.401552396875 0.5814478265624999 0.40368295156249995 0.5729173296875001 0.3873487453125 0.55585634375 0.372434884375 0.5331083484375 0.37598578125 0.5096494953125 0.3845079859375 0.474105790625 0.363202478125 0.501119 0.39729129531249996 0.5089386296875 0.41646625468750004 0.5316866250000001 0.4377717671875 0.552301959375 0.4455837671875 0.5743390890625 0.448424521875
1 0.7303038703125 0.5876766921875001 0.7686911078125 0.5947784859375 0.7445213703125 0.5621100765625 0.7409669859375 0.551457321875 0.696181896875 0.5095564375 0.6533085890625 0.5118671109374999 0.646420696875 0.5258907046875 0.6627708171875 0.537253603125 0.6904949234375 0.5613998703124999 0.7303038703125 0.5876766921875001
1 0.7317256296875 0.6444913703124999 0.7566062453125 0.6459117140624999 0.77651071875 0.6480422671875 0.77651071875 0.6309978578125001 0.7530518609375 0.6210553078125 0.718313228125 0.6376137953125001 0.7317256296875 0.6444913703124999
1 0.6762774234375 0.7772957500000001 0.684097053125 0.7751652015625 0.6649034421875 0.726162521875 0.6053543484375 0.6759771875 0.601635603125 0.6842616390625 0.62864884375 0.728293071875 0.6258053265625 0.7432069328125 0.651396803125 0.7531495453125 0.6762774234375 0.7772957500000001
1 0.546187396875 0.5770239375 0.5518744015625 0.5578489734375001 0.5390786609375 0.535833259375 0.5113545578124999 0.4996138890625 0.4857630796875 0.483989821875 0.4672802984375 0.49038147812500005 0.46362292031249996 0.5044075625 0.4957152984375 0.5180786421875 0.5149089109375 0.537253603125 0.5277046515625 0.590517384375 0.546187396875 0.5770239375
1 0.6137204828125 0.6189247546875001 0.61229871875 0.6068516515625 0.61443134375 0.5997497953125001 0.601635603125 0.5841257328125 0.584574615625 0.5791544859375 0.575333259375 0.5763137328125 0.5668027671875 0.5883868296875 0.5682244953125 0.5926479328125 0.5710680140625 0.5926479328125 0.588129 0.6025905484375 0.6044790890625 0.6224756515625 0.6137204828125 0.6189247546875001
1 0.8478827859375 0.874974040625 0.793856334375 0.8330732859375001 0.7810605984375 0.841595490625 0.7831932187499999 0.8565093484374999 0.798121584375 0.8692926562500001 0.8173151921875 0.8948592671875 0.8471719203125 0.9048017546875 0.8478827859375 0.874974040625
1 0.8713416421875 0.722994759375 0.8663655312499999 0.7166031078125 0.8366003609374999 0.7111436296875 0.8357979062500001 0.722994759375 0.8493045453124999 0.7244151078125001 0.8713416421875 0.722994759375
1 0.7895910890625 0.745010415625 0.793856334375 0.756373375 0.7966998265624999 0.7627650265625 0.8073629421874999 0.7719974374999999 0.8251347906250001 0.7876214375 0.8372196703125001 0.790462196875 0.8450392984375 0.7798094375 0.8400631562499999 0.767736334375 0.8315326609374999 0.7471409640625 0.8215804421874999 0.7471409640625 0.8166042984375 0.7407493125 0.799302615625 0.729259678125 0.7895910890625 0.745010415625
1 0.8670763921875 0.8273917718750001 0.8827156390625 0.84869728125 0.8973424015625 0.843284209375 0.8955113796875 0.8323630140624999 0.884137384375 0.8245510796875 0.8677872765625001 0.807506603125 0.852858896875 0.8046658484375 0.8485936468749999 0.8124779109375 0.8670763921875 0.8273917718750001
1 0.31278625937500004 0.3716999828125 0.2879056390625 0.3674388796875 0.279375146875 0.3674388796875 0.309231875 0.391585146875 0.32131675 0.399397146875 0.32374998593750004 0.40072307656249995 0.3262928609375 0.3894545984375 0.31278625937500004 0.3716999828125
1 0.19270937500000002 0.6257190046875001 0.23820532968750002 0.6093847984375 0.2765925484375 0.5944709421875001 0.35052350468750004 0.5667737765624999 0.4137913078125 0.5561210171875001 0.5169054109375 0.5555587546874999 0.5111811203125 0.5440479203125 0.47137215625 0.541917365625 0.379669334375 0.5490191609374999 0.314979771875 0.5603821203125 0.2829904203125 0.5681941203124999 0.2709055453125 0.5745857765625 0.25384455781250004 0.587369084375 0.231807459375 0.5930505984375001 0.18915499062500002 0.5987320453125 0.167828728125 0.604413490625 0.1479242859375 0.6164866609375 0.165696103125 0.6207477640625 0.19270937500000002 0.6257190046875001
1 0.29911854843749996 0.6867948484374999 0.24757099999999999 0.6953170531249999 0.11463746875 0.6995781562500001 0.045682656249999995 0.6946068484375 0 0.729405875 0.0135690140625 0.7471604234375 0.13370675 0.7464502859375 0.229674834375 0.7471604234375 0.35052350468750004 0.710230915625 0.5563344546875 0.6557298390625 0.4924763796875 0.658387478125 0.29911854843749996 0.6867948484374999