1 1 0.316071428125 0.9084612140624999 0.3388950890625 0.7890345984375 0.370354353125 0.7689941421875 0.40603376406249997 0.703229634375 0.4009905140625 0.5146484375 0.42939453125 0.43760463437499997 0.4699497765625 0.390583146875 0.442717634375 0.350432478125 0.45219029062500005 0.3464355453125 0.47214704531249996 0.130057196875 0.50830078125 0.1620186921875 0.523395646875 0.36825474062499997 0.4867047984375 0.39651925 0.4932826421875 0.4171386703125 0.4790527328125 0.447063334375 0.50556640625 0.48704659375 0.5016322546875001 0.48973911562500005 0.4842006109375 0.532233540625 0.45615234375 0.9065359953125001 0.41649692812500005 1 0.39218052187499997 1 0.316071428125
1 0.21616715625 0.325850415625 0.21359303125 0.33613692031250003 0.217196790625 0.352080928125 0.23058222343749998 0.3546525796875 0.2640457953125 0.354138240625 0.2959648703125 0.3448804109375 0.322220896875 0.3284220625 0.3283987859375 0.3160782953125 0.3206764234375 0.306306125 0.29699452656249997 0.3042488125 0.2655902671875 0.30322018281249996 0.23126532656249998 0.3115481203125 0.23212669687499998 0.31247800937500003 0.2326415140625 0.3140209828125 0.23000462968750002 0.31226475468750003 0.21616715625 0.325850415625
1 0.2985389953125 0.44723086562500003 0.3381804546875 0.45083110312499997 0.352595521875 0.458545959375 0.36649577187500004 0.4575173265625 0.387088728125 0.44517355781249995 0.42518573593750003 0.43334412499999997 0.42673020937499995 0.42717223593750003 0.40871133437499996 0.41945737968749996 0.42878947343749996 0.41277115625 0.4401585984375 0.370700478125 0.36906990156249997 0.40351332656250005 0.3253098390625 0.4029989859375 0.27949051406250003 0.42408629531250003 0.31501337500000004 0.426657896875 0.2985389953125 0.43900167031250004 0.2985389953125 0.44723086562500003
1 0.275159071875 0.4719184109375 0.262288478125 0.4703754375 0.232943509375 0.46471784375 0.2324286921875 0.445687896875 0.24478446874999998 0.43488709375 0.2411806875 0.42871520937499996 0.22779527656249998 0.4354013890625 0.21904325937500002 0.43025818281249995 0.1845500578125 0.418943040625 0.1891834734375 0.4225433265625 0.20256888437499998 0.4307724734375 0.180946271875 0.43025818281249995 0.17734251406249998 0.441573271875 0.1521161421875 0.44465921875000003 0.140275178125 0.44980246875 0.1320380046875 0.45700298593750005 0.1268897453125 0.46986109843749996 0.1104153921875 0.46934675937500003 0.0918817140625 0.46934675937500003 0.083129709375 0.475004353125 0.09342618750000001 0.479118928125 0.11247468281249999 0.4822048703125 0.129463875 0.49043406718749993 0.1564475625 0.5017491609375 0.181159115625 0.488376759375 0.1832184015625 0.4966059546875 0.1677736828125 0.504835103125 0.1621106203125 0.5151216109375001 0.1698329828125 0.5326085890625001 0.1852777140625 0.53569453125 0.196603834375 0.5269510453125 0.24911588906249998 0.5300369859375 0.267649553125 0.5192361875 0.2959648703125 0.5099783578125 0.3128187328125 0.49418155312499995 0.31634502656249996 0.487348125 0.303989228125 0.4775759546875 0.29420757656249996 0.4703754375 0.279792490625 0.4842621828125 0.275159071875 0.4719184109375
1 0.1752832234375 0.41945737968749996 0.1598385 0.41945737968749996 0.1428493078125 0.42408629531250003 0.134097290625 0.42922950000000004 0.15263095468750001 0.4318011515625 0.174768384375 0.43128681249999995 0.1840352140625 0.42562926718750005 0.1752832234375 0.41945737968749996
1 0.160868134375 0.3304793296875 0.15108648593750001 0.3304793296875 0.109900553125 0.3387085265625 0.0836445265625 0.34539475 0.06459604531249999 0.3536239015625 0.0522402671875 0.36391040625 0.07334804843750001 0.37934012031250003 0.123800803125 0.3803687546875 0.14130483437500002 0.36493904062500004 0.146967884375 0.37316823593750004 0.1567495578125 0.37882578125 0.16962015156250002 0.385512009375 0.196390990625 0.3824260671875 0.196905834375 0.3803687546875 0.211320896875 0.3505379546875 0.196390990625 0.34745201406250004 0.1763128578125 0.339222865625 0.160868134375 0.3304793296875
1 0.054357076562499995 0.41225681718749996 0.05538673281249999 0.3963128078125 0.0239824734375 0.3921981875 0 0.3953966921875 0.00030054843749999997 0.396827103125 0.0013302046874999998 0.44620218749999996 0.027071415625 0.44105898281249994 0.03633825 0.4246005890625 0.054357076562499995 0.41225681718749996
1 0.5688983390625 0.4070989734375 0.5498498296875 0.408641946875 0.5297716921875 0.40915623593749995 0.5076342671875 0.4261289234375 0.5210197015625 0.43384378124999995 0.5380088921875 0.44155863906250004 0.5591166656250001 0.44361595156250005 0.581254115625 0.4343581203125 0.58382821875 0.4137851515625 0.5864023484375 0.412756521875 0.5856442359375 0.41162046874999997 0.5688983390625 0.4070989734375
1 0.5508794859374999 0.3145206875 0.5313161656250001 0.31606365625 0.532345821875 0.3464087453125 0.5632352640625 0.343322803125 0.582798584375 0.343322803125 0.6131731874999999 0.32892172343750004 0.6392718390625001 0.3120469640625 0.638399584375 0.298576634375 0.6306772234375 0.285718521875 0.609569428125 0.285204228125 0.5771355140625001 0.2949763484375 0.5508794859374999 0.3145206875
1 0.7703958703125 0.33097903125 0.7868702234375 0.3263501203125 0.8038594203124999 0.32274983437500004 0.8095225140625001 0.30937743281249996 0.7961370578125 0.2960050265625 0.7796627046875 0.298576634375 0.764531459375 0.29549068749999996 0.7223159203125 0.3068058296875 0.6960598921875001 0.320692571875 0.6708335 0.3407512015625 0.69811915625 0.343322803125 0.7320975453125 0.341779834375 0.7703958703125 0.33097903125
1 0.8148691875 0.263088290625 0.792731759375 0.27697503125 0.8133247140625001 0.2800609734375 0.8385510843749999 0.2810896078125 0.8545106468749999 0.268745834375 0.8808317015625 0.25570871875 0.8854000890625 0.25640206249999997 0.88488525 0.251773146875 0.872014678125 0.2512588578125 0.8349473265625 0.26000234375 0.8148691875 0.263088290625
1 0.7669905484374999 0.3633814328125 0.768535021875 0.378811146875 0.792731759375 0.388068978125 0.8164136609374999 0.3911549203125 0.8370066109375 0.38704034374999996 0.863777478125 0.3824114328125 0.8828259828125 0.36903898281249997 0.8956965531250001 0.371096290625 0.9271008343749999 0.3608098296875 0.9368825093750001 0.354637946875 0.9332787234375 0.35360926406250004 0.9039337546875 0.3371509203125 0.877677728125 0.3299504015625 0.8519365171875 0.3345793171875 0.8390659234375001 0.3428084640625 0.790672446875 0.34589440625 0.7669905484374999 0.3633814328125
1 0.9095968031250001 0.4076132671875 0.9255563656250001 0.40195571875 0.9332787234375 0.39218355312500003 0.9245267328125 0.38549737500000003 0.8854000890625 0.3839544015625 0.865836790625 0.391669259375 0.8632626390624999 0.406584634375 0.8730443125 0.41429949062500004 0.8926076109375 0.412756521875 0.9095968031250001 0.4076132671875
1 0.689252125 0.45493108906249996 0.7458827546875 0.4513308078125 0.7736832546875 0.439501375 0.7983948078124999 0.438472696875 0.8107505843749999 0.433329490625 0.8287694374999999 0.423557321875 0.8452438125 0.4076132671875 0.8297990937499999 0.408641946875 0.8169284734375 0.40812760781249996 0.7932465765625001 0.406584634375 0.7700794953125001 0.4096705765625 0.7500013578125 0.40401303125 0.7505161734375 0.40555600468749997 0.726319459375 0.41481382968749997 0.70057825 0.425614634375 0.6753518796875 0.444130290625 0.689252125 0.45493108906249996
1 1 0.18285377187500002 0.9928938078125 0.1859397140625 0.9795083968749999 0.18696834843750001 0.9697267234375 0.1905686296875 0.9614895484374999 0.20136942812499997 0.9614895484374999 0.214741834375 0.96869709375 0.2178277765625 1 0.218342115625 1 0.18285377187500002