1 0.1139837234375 0.46605654531249996 0.141003478125 0.4630514375 0.16502108437500002 0.457041196875 0.17177602187500002 0.44502075 0.17177602187500002 0.4029491296875 0.15976721875 0.37815693281249996 0.13650018749999998 0.37214669218749996 0.1102310046875 0.377405665625 0.098972771875 0.4014465625 0.08696396875 0.429995165625 0.0817101734375 0.457041196875 0.09296840625 0.46680780781250003 0.1139837234375 0.46605654531249996
1 0.07570573593749999 0.4367566734375 0.059193709375 0.44126434375 0.05393984843750001 0.457041196875 0.043432187500000004 0.46605654531249996 0.03367503125 0.478828290625 0.024668446875 0.48784363906249995 0.0111585671875 0.5073768609375 0.009657490625 0.5171435093750001 0.0179135046875 0.5254075484375 0.0306728125 0.5171435093750001 0.035926678125 0.5148896703125 0.04042996875 0.5359254640625 0.04042996875 0.5464433796875 0.042681615625 0.5607176609375 0.050187125 0.5667279015625 0.07270358906249999 0.508879428125 0.0817101734375 0.47582315625 0.0817101734375 0.4465232859375 0.07570573593749999 0.4367566734375
1 0.1845748796875 0.6789818078125001 0.196583678125 0.6662100578125 0.2123452046875 0.6571947140625001 0.229607803125 0.6414178609375 0.2311088796875 0.6136205578125 0.2236034375 0.6233871703125 0.2100935578125 0.6083616203125 0.1928308921875 0.5985949734375 0.17406721875 0.590330928125 0.15755512031250002 0.590330928125 0.1425441703125 0.6271435765625 0.1477979640625 0.6632049546875 0.155303478125 0.6729715671875 0.1643100625 0.680484375 0.1845748796875 0.6789818078125001
1 0.2498726203125 0.6571947140625001 0.2641330671875 0.6752254015625 0.284397884375 0.6857433171875 0.302411053125 0.6849920484375 0.32792966562500003 0.674474134375 0.330931884375 0.6526870406249999 0.3204242234375 0.624889740625 0.295656115625 0.6008488078124999 0.2753912984375 0.5940872984375 0.267885790625 0.5790617499999999 0.267885790625 0.5768079109375 0.2611308484375 0.5843206875 0.2551264828125 0.599346271875 0.234861665625 0.6136205578125 0.23261002187500002 0.6324025140625 0.234861665625 0.639164021875 0.2498726203125 0.6571947140625001
1 0.3554552234375 0.8194234859374999 0.356387540625 0.785361928125 0.356387540625 0.748500790625 0.3498615046875 0.7359026734375 0.33447876718749997 0.7368358578125 0.325155915625 0.761565490625 0.325155915625 0.78676171875 0.32748662031250003 0.8222230671874999 0.3372756296875 0.8436865359375 0.337741790625 0.8632835984374999 0.343801665625 0.8511520765625 0.3489292328125 0.835287790625 0.3554552234375 0.8194234859374999
1 0.47130538906249997 0.7319596109375001 0.46338096406249996 0.7067633890625 0.454990384375 0.6806339828125 0.43774306249999995 0.7137623390625001 0.42935248281250005 0.7356923921875 0.42375875937499996 0.772086946875 0.44147219687500006 0.788884428125 0.4577872453125 0.797749759375 0.475966834375 0.785618259375 0.47969596875000003 0.7562226609375 0.47130538906249997 0.7319596109375001
1 0.52026321875 0.853764834375 0.5323829328125 0.8355675578125 0.542638103125 0.8444329109375 0.5584869953125 0.8341677671875001 0.578531134375 0.8206364781250001 0.589252459375 0.8061719593750001 0.5948461828125 0.7898410890625 0.5976430453125 0.7581125 0.5962446109374999 0.722184540625 0.589252459375 0.71098621875 0.583658740625 0.70072109375 0.5869217140625 0.67739125 0.5813279953125 0.6764580671875 0.5678098484375 0.6899893609375 0.5356459546875 0.7179851703125 0.518398634375 0.7371156421875 0.501151353125 0.780509146875 0.500347584375 0.811607634375 0.502083625 0.8248358484375 0.503015896875 0.8490988921874999 0.52026321875 0.853764834375
1 0.7058212015625001 0.8467728343750001 0.7100164953125 0.815977446875 0.7146779859375 0.76091903125 0.702092071875 0.7431883484374999 0.68484475 0.7417885531249999 0.662469865625 0.755786459375 0.6564100265625 0.78471546875 0.662936021875 0.8085119234375 0.6792510265625 0.8290421703125 0.680649459375 0.8393073125000001 0.6881077671875 0.8561047984375 0.6913707859375 0.8621705265624999 0.7034905 0.8589043796875 0.7058212015625001 0.8467728343750001
1 0.6508163078125 0.7103449687500001 0.6587407328125 0.7280756734375 0.6755218921874999 0.740207178125 0.7034905 0.739274 0.7128133531249999 0.726675884375 0.71654253125 0.7117447593749999 0.7170086421875 0.6935474828125 0.7193393890625 0.6865485312499999 0.73006071875 0.6762834109375 0.7393835265625001 0.6557531421875 0.7365866703124999 0.648287603125 0.7351882359374999 0.6389556609375 0.7305268296875 0.6235579640625 0.725399228125 0.6156258343750001 0.7142117859375 0.59976153125 0.7193393890625 0.5848304468750001 0.7440450171874999 0.57596509375 0.7501048578125 0.5554348484375 0.739849728125 0.5260392406250001 0.720737821875 0.519040290625 0.6820478890625 0.533971384375 0.66759746875 0.5568346390625 0.6508163078125 0.582030865625 0.6470871296875 0.6123596421874999 0.6517485796875 0.642221853125 0.6466210171875 0.6641518890625 0.644756428125 0.6783913484374999 0.6391627046874999 0.6944806828125001 0.6508163078125 0.7103449687500001
1 0.4345149234375 0.4594192953125 0.427522771875 0.47621678125000005 0.425658228125 0.4962804328125 0.4237936390625 0.5121447406249999 0.4261243390625 0.5326749859375 0.4317180625 0.5438733078125 0.4401086421875 0.5452730984375 0.446634678125 0.54340671875 0.451296084375 0.5121447406249999 0.44849922812500004 0.49301426406250004 0.441040959375 0.46781803593750004 0.4345149234375 0.4594192953125
1 0.526811321875 0.53314159375 0.527277478125 0.5140111203125 0.527277478125 0.488348303125 0.524014459375 0.4752835796875 0.5170223078125 0.4664182453125 0.505834865625 0.460819084375 0.4979104421875 0.4664182453125 0.4890537046875 0.47808316093750003 0.486723 0.511211540625 0.4932489953125 0.53314159375 0.509564040625 0.5490059015625001 0.5146916078125 0.555538240625 0.5174884640624999 0.5536718390625001 0.521683759375 0.5466728890625 0.526811321875 0.53314159375
1 0.5305404953124999 0.42815731718750005 0.537532646875 0.46595165625 0.545457071875 0.48368232187500004 0.581350103125 0.504679178125 0.6051234156249999 0.49814683437499996 0.6228368921875 0.4696844203125 0.6396180578124999 0.45335354531250005 0.6475424828125 0.4342230671875 0.6498731828125 0.40202789218749996 0.6419487593750001 0.37169909375 0.6274982984374999 0.35163543750000004 0.6093187046875 0.3726322953125 0.597198990625 0.41135983437499996 0.581816259375 0.423957946875 0.5673657984375 0.426290915625 0.5543138125 0.4192919640625 0.550584634375 0.41649238437499997 0.5496523609375 0.3959621390625 0.540795625 0.380564446875 0.5314727671874999 0.3744986734375 0.5156238796875 0.3656333390625 0.5123609015625 0.3693661203125 0.51003015625 0.40296108906250006 0.5305404953124999 0.42815731718750005
1 0.41606616562500004 0.34515954843749996 0.3997511609375 0.3404935890625 0.3829699953125 0.34375975937500003 0.36758726406250003 0.347492540625 0.353136803125 0.33069505781249997 0.33169419218749996 0.2971000890625 0.3107177359375 0.3092316109375 0.2920720265625 0.3274288890625 0.283681446875 0.3404935890625 0.27855383906250003 0.358224271875 0.28228301718750004 0.37688813906249996 0.3102516203125 0.391819240625 0.31351459843749996 0.39741840625 0.316777615625 0.41468247812500003 0.3372879109375 0.4277471828125 0.3568659375 0.4174820578125 0.36758726406250003 0.4226146296875 0.3871652859375 0.424947603125 0.39881884375 0.41608226718749997 0.40581099531250003 0.39835158437499996 0.4207276109375 0.3876198703125 0.42585517812499996 0.382020709375 0.42492290156249996 0.3628902359375 0.41606616562500004 0.34515954843749996
1 0.7177675406249999 0.252060009375 0.7257000312499999 0.245112334375 0.7336324828125 0.2302244734375 0.741069178125 0.222780540625 0.7472479062499999 0.198463709375 0.7457605671875001 0.18357584843750002 0.7417942984375 0.17315434375 0.728674709375 0.176131915625 0.706364615625 0.19350109375 0.6949616515625 0.2128553171875 0.696448990625 0.23072075 0.7053730265625 0.2421347640625 0.706860365625 0.24461607968750002 0.7083477046875 0.2436235484375 0.7177675406249999 0.252060009375
1 0.8945316249999999 0.2877908796875 0.9103965671875001 0.2853095625 0.9252699640625 0.27389554843749997 0.9327067046874999 0.255533834375 0.9336982046875001 0.23419457656249998 0.9297320265625 0.21087025 0.9272530984375 0.1786132328125 0.9163459234375001 0.18258331249999998 0.9004809828125 0.1810945265625 0.8965147140624999 0.1820870578125 0.886599134375 0.19995249531249998 0.8791624328125 0.20838895468750002 0.8781708890625 0.190523521875 0.870238396875 0.1810945265625 0.8657763796875001 0.2009450265625 0.8682552640625 0.23419457656249998 0.8728790796875 0.2509527359375 0.8727172812499999 0.2585114109375 0.8722215312499999 0.27935441562499996 0.8945316249999999 0.2877908796875
1 0.8955231703125 0.1684661828125 0.897010509375 0.1759101109375 0.90643034375 0.177895178125 0.9059345484374999 0.149111959375 0.903951415625 0.11238858437499999 0.9084134328125 0.094026875 0.9158501296875 0.0801315453125 0.914858584375 0.06276236562500001 0.8910611515625 0.073680134375 0.892052696875 0.073680134375 0.8895738124999999 0.10544091093750001 0.892052696875 0.1223138125 0.895027375 0.1481194515625 0.8955231703125 0.1684661828125
1 0.9460927640625 0.1764063890625 0.9470842640624999 0.20320454062499999 0.9565041390625 0.211144728125 0.9634449953124999 0.201219478125 0.9684028578125 0.177895178125 0.973360625 0.1540745984375 0.9867466828125 0.1342240984375 0.9917044515625 0.10692969687500001 0.9936876296875001 0.0711988265625 0.992200290625 0.050355821875 0.9857550890625 0.0518446078125 0.9783183921875 0.083109115625 0.9738563750000001 0.10395212031250001 0.964932334375 0.1168549421875 0.9574956390624999 0.1257876609375 0.943613834375 0.1550671078125 0.943613834375 0.155563384375 0.9416307453125 0.1560596390625 0.9460927640625 0.1764063890625
1 0.8321524109375 0.813882196875 0.830225384375 0.7994152234375 0.8287800937500001 0.7772325359375001 0.8254077328125 0.750709740625 0.8114365937500001 0.7762680671875 0.809509521875 0.814846665625 0.8099912984375001 0.838958271875 0.8205900765624999 0.8404049734375001 0.8311888968750001 0.8283491703125 0.8321524109375 0.813882196875
1 0.7492890531249999 0.6694720000000001 0.7473619828125 0.6863501203125 0.7329090671875 0.689725759375 0.723755540625 0.705639428125 0.7242373171875001 0.7263754203125 0.7256826078125 0.7389134687500001 0.7372449421875 0.7418068609375 0.7468802046875 0.73360890625 0.7478437640625 0.7191419328124999 0.7473619828125 0.7109439734375 0.7526613703125 0.703228259375 0.757960803125 0.6858678921875 0.75507021875 0.6670608296875 0.7492890531249999 0.6694720000000001