1 0.5549792499999999 0.828223978125 0.542958803125 0.834978915625 0.5369485625 0.8589965218750001 0.5339434546875 0.8860162765625 0.5331921921875 0.90703159375 0.542958803125 0.9182898265624999 0.5700048343749999 0.9130360312500001 0.5985534375 0.901027228125 0.622594334375 0.8897689953125001 0.6278533078125 0.8634998125 0.6218430671874999 0.8402327812499999 0.5970508703124999 0.828223978125 0.5549792499999999 0.828223978125
1 0.48285649062499997 0.9693271875 0.4745924515625 0.9820864953124999 0.48285649062499997 0.990342509375 0.49262313906250005 0.9888414328125 0.5121563609375 0.975331553125 0.521171709375 0.9663249687500001 0.5339434546875 0.9565678125 0.542958803125 0.9460601515624999 0.55873565625 0.9408062906250001 0.5632433265625 0.9242942640624999 0.5534767140625 0.9182898265624999 0.5241768437500001 0.9182898265624999 0.49112057187499997 0.9272964109374999 0.43327209843750003 0.9498128749999999 0.43928233906249997 0.9573183843749999 0.4535566203125 0.95957003125 0.4640745359375 0.95957003125 0.4851103296875 0.964073321875 0.48285649062499997 0.9693271875
1 0.3766128296875 0.7763965625 0.38637944218750003 0.7688911203125001 0.3585821390625 0.7703921968749999 0.34280528593750004 0.7876547953124999 0.3337899421875 0.8034163218750001 0.3210181921875 0.8154251203125 0.319515625 0.8356899375 0.3270284328125 0.844696521875 0.33679504531250004 0.8522020359375 0.3728564234375 0.8574558296875001 0.40966907187499996 0.8424448796874999 0.40966907187499996 0.82593278125 0.40140502656250004 0.8071691078125 0.3916383796875 0.7899064421875 0.3766128296875 0.7763965625
1 0.3991511921875 0.704343884375 0.37511025937500003 0.6795757765625 0.347312959375 0.669068115625 0.325525865625 0.6720703343750001 0.3150079515625 0.6975889468750001 0.3142566828125 0.715602115625 0.3247745984375 0.7358669328125 0.34280528593750004 0.7501273796875 0.360835978125 0.765138334375 0.3675974859375 0.767389978125 0.38637944218750003 0.765138334375 0.400653728125 0.7448735171875 0.4156793125 0.7388691515625 0.4231920890625 0.7321142093749999 0.42093825 0.7321142093749999 0.40591270156250003 0.7246087015625 0.3991511921875 0.704343884375
1 0.2640973265625 0.6501384953125 0.25149920937500003 0.643612459375 0.214638071875 0.643612459375 0.1805765140625 0.6445447765625001 0.164712209375 0.6510707671875 0.1488479234375 0.656198334375 0.1367164015625 0.662258209375 0.1563134640625 0.6627243703125 0.1777769328125 0.6725133796875 0.21323828125 0.674844084375 0.238434509375 0.674844084375 0.2631641421875 0.6655212328125 0.2640973265625 0.6501384953125
1 0.29323661093750003 0.5366190359375 0.2680403890625 0.5286946109375 0.2437773390625 0.52030403125 0.214381740625 0.524033165625 0.20225024062500002 0.5422127546875 0.21111557187500002 0.5585278031249999 0.227913053125 0.576241240625 0.2643076078125 0.5706475171875 0.2862376609375 0.5622569375 0.3193660171875 0.5450096156249999 0.29323661093750003 0.5366190359375
1 0.32260875 0.41307828593749996 0.29927890625 0.41634125937500005 0.28901378125 0.41074754062499996 0.277815459375 0.4037553890625 0.24188749999999998 0.4023569546875 0.2101589109375 0.40515381718750004 0.193828040625 0.41074754062499996 0.179363521875 0.42146886562499997 0.16583223281249998 0.44151300468750004 0.1555670890625 0.457361896875 0.1644324421875 0.4676170671875 0.146235165625 0.47973678125 0.1509011078125 0.49698410312499997 0.1751641515625 0.49791637499999997 0.188392365625 0.49965241562499996 0.219490853125 0.49884864687499997 0.2628843578125 0.481601365625 0.28201482968749997 0.4643540453125 0.31001063906250004 0.4321901515625 0.3235419328125 0.4186720046875 0.32260875 0.41307828593749996
1 0.258211446875 0.31515525 0.25681165156249997 0.297907928125 0.23908096875 0.2853220140625 0.184022553125 0.2899835046875 0.153227165625 0.2941787984375 0.1410956203125 0.2965095 0.13782947343750002 0.3086292140625 0.1438952015625 0.3118922328125 0.16069268750000001 0.319350540625 0.1709578296875 0.32074897343750003 0.1914880765625 0.337063978125 0.21528453125000002 0.3435899734375 0.24421354062499998 0.337530134375 0.258211446875 0.31515525
1 0.480959709375 0.279262178125 0.473960759375 0.260150271875 0.44456515156250004 0.24989514218750003 0.42403490625 0.2559549828125 0.415169553125 0.2806606109375 0.40023846875 0.2857882140625 0.38437416562500004 0.274600771875 0.3764420359375 0.2694731703125 0.3610443390625 0.2648117640625 0.351712396875 0.2634133296875 0.34424685781250003 0.2606164734375 0.3237165890625 0.26993928125 0.31345146874999996 0.2806606109375 0.3064525171875 0.2829913578125 0.28825524062499996 0.28345746875 0.27332411562500003 0.287186646875 0.260726 0.2965095 0.25979282187499997 0.32447810781249997 0.2719243265625 0.3412592671875 0.28965503125000003 0.3491836921875 0.30551931718750003 0.3608372953125 0.32160865156249996 0.355243571875 0.3358481109375 0.3533789828125 0.357778146875 0.3482514203125 0.3876403578125 0.3529128703125 0.417969134375 0.3491836921875 0.44316536093750003 0.33240253124999997 0.466028615625 0.3179521109375 0.480959709375 0.279262178125
1 0.5037195671875 0.574341771875 0.52378321875 0.572477228125 0.5405807046875 0.5654850765625 0.5321819640625 0.558959040625 0.5069857359375 0.551500771875 0.487855259375 0.548703915625 0.45659328125 0.553365321875 0.4547269015625 0.5598913578125 0.4561266921875 0.5682819375 0.4673250140625 0.5738756609375 0.487855259375 0.5762063609375 0.5037195671875 0.574341771875
1 0.539180915625 0.49416513437500004 0.5335817546875 0.48297769218750003 0.5247164203125 0.475985540625 0.511651696875 0.472722521875 0.48598887968750004 0.472722521875 0.46685840624999997 0.473188678125 0.4533271109375 0.478316240625 0.44632816093749994 0.4825115359375 0.44446175937500004 0.4853083921875 0.45099409843749994 0.49043595937499995 0.46685840624999997 0.5067510046875 0.488788459375 0.513277 0.5219168390625 0.5109462953125 0.5335817546875 0.5020895578125 0.539180915625 0.49416513437500004
1 0.573709084375 0.43263420156250004 0.576042053125 0.41818374062499997 0.588640165625 0.40280100937499996 0.6273677046875 0.3906812953125 0.6483645625000001 0.3725017015625 0.62830090625 0.358051240625 0.5979721078125 0.3501268171875 0.5657769328125 0.3524575171875 0.5466464546875 0.36038194218749997 0.5303155796875 0.3771631078125 0.501853165625 0.394876584375 0.49532082187500004 0.418649896875 0.516317678125 0.45454292812499997 0.53404834375 0.462467353125 0.5718426828125 0.46945950468750003 0.5970389109375 0.48996984374999997 0.6306338796875 0.4876390984375 0.6343666609375 0.4843761203125 0.6255013265625 0.4685272328125 0.619435553125 0.459204375 0.6040378609375 0.45034763906249997 0.5835076156250001 0.449415365625 0.5807080359375 0.44568618750000005 0.573709084375 0.43263420156250004
1 0.5722528171875 0.6627120890625 0.585317521875 0.6832223843749999 0.60258159375 0.6864854015625 0.6081807593749999 0.6897483796875 0.6231118609374999 0.7177169828125 0.6417757281250001 0.7214461609375 0.6595064109375001 0.716318553125 0.6725711109375 0.7079279734374999 0.6907683890625 0.6892822640625 0.7028999109375 0.6683058078124999 0.6693049421875 0.6468631968749999 0.652507459375 0.6324127359375 0.6562402406250001 0.6170300046875 0.6595064109375001 0.6002488390625 0.6548404515625 0.583933834375 0.6371097640625 0.5750770984375 0.617979290625 0.574144821875 0.6123801296875 0.5792723890625 0.6016484156249999 0.5941890046875 0.5839177328125 0.60118115625 0.575052396875 0.6128347140625 0.5773853703125 0.6324127359375 0.5825179421875 0.6431340624999999 0.5722528171875 0.6627120890625
1 0.8164241515624999 0.2542394328125 0.8015362906249999 0.25275209374999996 0.777219459375 0.258930821875 0.7697755265625 0.2663675171875 0.754887665625 0.27429996874999996 0.747939990625 0.28223245937499997 0.7563764515625 0.2916522953125 0.7553839203125 0.293139634375 0.7578652359375 0.2946269734375 0.7692792500000001 0.303551009375 0.7871446828125 0.3050383484375 0.8064989062500001 0.29363538437500003 0.823868084375 0.271325290625 0.8268456562500001 0.2582057015625 0.8164241515624999 0.2542394328125
1 0.8000475046875 0.113400865625 0.8179129421875 0.10348528593749999 0.8189054734375001 0.0995190171875 0.8174166875 0.0836540765625 0.8213867671875 0.0727469015625 0.7891297500000001 0.07026797343749999 0.7658054234375 0.0663017953125 0.744466165625 0.0672932953125 0.7261044515624999 0.0747300359375 0.7146904375 0.0896034328125 0.7122091203124999 0.10546837499999999 0.7206455843749999 0.12777846875 0.7414885890625 0.12728271875 0.7490472640625 0.1271209203125 0.7658054234375 0.1317447359375 0.7990549734375 0.13422362031249999 0.8189054734375001 0.129761603125 0.8094764781249999 0.1218291109375 0.7916110453125 0.12083756718750001 0.8000475046875 0.113400865625
1 0.8876114156250001 0.096048584375 0.850888040625 0.0940654515625 0.8221048218749999 0.09356965625 0.8240898890624999 0.102989490625 0.8315338171875 0.10447682968750001 0.8518805484374999 0.104972625 0.8776861874999999 0.107947303125 0.8945590890625 0.1104261875 0.9263198656249999 0.107947303125 0.9263198656249999 0.10893884843749999 0.937237634375 0.08514141562500001 0.9198684546875 0.0841498703125 0.905973125 0.0915865671875 0.8876114156250001 0.096048584375
1 0.949644178125 0.007799709375 0.9288011734375001 0.0063123703125 0.8930703031249999 0.0082955484375 0.8657759015625001 0.013253317187499999 0.8459254015625 0.026639375 0.8221048218749999 0.031597142187499996 0.798780521875 0.036555004687499996 0.7888552718749999 0.043495860937500005 0.796795459375 0.0529157359375 0.8235936109375 0.0539072359375 0.8439403609375 0.058369254687500004 0.844436615625 0.056386165625 0.8449328921875001 0.056386165625 0.8742123390625001 0.0425043609375 0.8831450578125001 0.035067665625 0.8960478796875 0.026143624999999997 0.916890884375 0.0216816078125 0.9481553921874999 0.014244910937499999 0.949644178125 0.007799709375
1 0.18611780312499998 0.1678475890625 0.1716508296875 0.168811103125 0.1595950265625 0.1794099234375 0.161041728125 0.1900087015625 0.18515333437499998 0.190490478125 0.22373193281249998 0.18856340625 0.249290259375 0.1745922671875 0.2227674640625 0.17121990625 0.2005847765625 0.169774615625 0.18611780312499998 0.1678475890625
1 0.2736245796875 0.2757626828125 0.29436057187500003 0.27624445937500003 0.310274240625 0.2670909328125 0.3136498796875 0.2526380171875 0.33052800000000004 0.250710946875 0.33293917031250003 0.24492978124999998 0.3141321078125 0.24203919687500003 0.296771740625 0.24733862968749998 0.2890560265625 0.2526380171875 0.2808580671875 0.2521562359375 0.26639109375 0.2531197953125 0.25819313906249997 0.2627550578125 0.26108653125000003 0.2743173921875 0.2736245796875 0.2757626828125