1 0.27319986093750004 0.8377372859375001 0.26587229843750004 0.8166499828125 0.264956321875 0.793728959375 0.26312445156250003 0.7662237671875001 0.24297354843750002 0.7497206515625 0.22831833906250001 0.778142709375 0.2466373703125 0.8199987453125 0.272969571875 0.8984792046875001 0.275947709375 0.8954981921874999 0.2768636828125 0.8799119234375 0.283275271875 0.8762445578125 0.2906029203125 0.8505730359375001 0.27319986093750004 0.8377372859375001
1 0.6891059734375 0.8076494375 0.678557165625 0.7825716828125 0.6719641515625 0.8023699015625001 0.674601365625 0.812269009375 0.68844665625 0.819528365625 0.6891059734375 0.8076494375
1 0.3620934640625 0.7522144281250001 0.366998115625 0.7411681875 0.33374357187500003 0.709978209375 0.28561475937499997 0.663122446875 0.2678136734375 0.661142625 0.2631985578125 0.6783010578125 0.2724287328125 0.690179990625 0.302756521875 0.7172375671875 0.3330843125 0.735055959375 0.3620934640625 0.7522144281250001
1 0.43851813437500003 0.8411017328125 0.4415007359375 0.8342776515624999 0.427865875 0.8146584593749999 0.4167875484375 0.829586115625 0.416361446875 0.8445137546874999 0.423178896875 0.8564558890624999 0.42914414218749997 0.8598679109375 0.4351093890625 0.8517643343750001 0.43851813437500003 0.8411017328125
1 0.325902125 0.918588240625 0.317934678125 0.9302014109375 0.3183607859375 0.9455555671875 0.33455218750000004 0.9549386734375 0.3388130984375 0.944702571875 0.34009136562500003 0.9378784859374999 0.3307173796875 0.9169797859375001 0.325902125 0.918588240625
1 0.32685832187499997 0.39309825 0.324727884375 0.431483634375 0.313649521875 0.477546103125 0.30512773593750003 0.483517165625 0.299162490625 0.490341228125 0.300440759375 0.5065484015624999 0.302571196875 0.5159314859374999 0.312797353125 0.5329916734375 0.31705826406250004 0.5402025218750001 0.33069312968750003 0.4949930765625 0.345180196875 0.432763146875 0.3323975 0.3965102671875 0.32685832187499997 0.39309825
1 0.2501621390625 0.5930890718749999 0.2620926703125 0.6097227359375 0.275301428125 0.6233708609375 0.279988446875 0.6156937859375 0.28467542031250004 0.6105757328125 0.2940494109375 0.592662553125 0.30470163437500003 0.5679253078125 0.2894586421875 0.5426449375 0.27743190625 0.5615277453124999 0.2642231078125 0.5768819015625 0.2501621390625 0.5930890718749999
1 0.25229257656250004 0.555556678125 0.2586839234375 0.535510990625 0.2568513125 0.5285790312499999 0.2586839234375 0.518450803125 0.2586839234375 0.510773728125 0.26038829531249996 0.5026701515625 0.2620926703125 0.47750639218749996 0.2616665671875 0.458313696875 0.2450490625 0.4655642765625 0.2378055453125 0.4839039546875 0.2378055453125 0.49200754843750005 0.24206642031249997 0.503096646875 0.242918625 0.533804959375 0.23610117343749998 0.5483061203124999 0.23865770937500003 0.5747493703125001 0.25229257656250004 0.555556678125
1 0.3477367359375 0.32319046875 0.3430497234375 0.3432361609375 0.34347582656250003 0.3496337234375 0.33069312968750003 0.370958946875 0.3311192328125 0.385886603125 0.3409192859375 0.40806482187500004 0.3477367359375 0.40934433437499995 0.354128084375 0.3581638171875 0.3622237671875 0.36072284374999997 0.366484678125 0.3632818703125 0.368189053125 0.341530146875 0.357962896875 0.3376916109375 0.35275521875 0.3265414734375 0.3477367359375 0.32319046875
1 0.256127384375 0.281393021875 0.2501621390625 0.2656123890625 0.245475165625 0.29290863906250003 0.24206642031249997 0.320204928125 0.245901228125 0.3398241390625 0.2514404109375 0.36370836562500003 0.257831759375 0.3905781390625 0.2633709375 0.39782871875 0.26720575 0.3837540765625 0.2706144546875 0.377356509375 0.2715565796875 0.37769022343750003 0.262944834375 0.3312940265625 0.256127384375 0.281393021875
1 0.378415209375 0.222614865625 0.3652064109375 0.26995684375 0.3771369421875 0.2976796296875 0.381823915625 0.2848845 0.3865108921875 0.27038334375 0.3899196390625 0.2319979546875 0.3873630984375 0.22133535312500002 0.38011954531250003 0.20896672343749997 0.378415209375 0.222614865625
1 0.4044066703125 0.1637572546875 0.405258875 0.14499107656250002 0.4022762328125 0.1381669953125 0.3903457015625 0.15437418281249998 0.38693699531250003 0.18337646406250002 0.390771803125 0.22133535312500002 0.39588488437499997 0.21962934375 0.40057185781250004 0.1855089734375 0.4044066703125 0.1637572546875
1 0.1147921421875 0.23668950937500002 0.10840079531249999 0.23455698281249998 0.1054181921875 0.246499115625 0.10754862968750001 0.2580147328125 0.1173486828125 0.25844122812500003 0.134392290625 0.2592942453125 0.1527141703125 0.2537496734375 0.165496865625 0.2537496734375 0.17870562968749998 0.2503376515625 0.190210053125 0.2358364953125 0.179983896875 0.2285859328125 0.15782725 0.23285096875 0.1369488296875 0.24180756250000002 0.1147921421875 0.23668950937500002
1 0.19365651718750002 0.49050326406250006 0.19791739218749999 0.4495588296875 0.185134696875 0.4324986828125 0.1714998296875 0.389848240625 0.1659606515625 0.3983783125 0.165534584375 0.4324986828125 0.171073728125 0.464486509375 0.17831728593750001 0.48538520937499996 0.19365651718750002 0.49050326406250006
1 0 0.6086449515625 0.0019160671875 0.6009678703125 0.007455209375000001 0.5877462453125 0.01001175 0.5625824828125 0.01001175 0.536992228125 0 0.5237705984375001 0 0.6086449515625
1 0.21325662968749998 0.71557840625 0.22603932656249998 0.7313590624999999 0.2354133171875 0.7279470406249999 0.2307263390625 0.7019302640625 0.20953871875000002 0.6743529640625 0.2030304734375 0.6997977546875 0.21325662968749998 0.71557840625
1 0.9770477234375001 0.8719069328125 0.9796042640625 0.851434728125 1 0.8501552140624999 0.9979261421875 0.7290279859375 0.9911086921875001 0.667611365625 0.9787520984375 0.5929731203124999 0.9744911875 0.549043165625 0.9587258484375001 0.5486809953125 0.9523345000000001 0.576765928125 0.9646911296875 0.6787004859375 0.9668215671875 0.870200915625 0.9770477234375001 0.8719069328125
1 0.8888471156250001 0.5371653578125 0.8526294640625001 0.5392979062500001 0.8304728125 0.543136446875 0.787437709375 0.5520930359375 0.728637303125 0.5674471921875 0.7218198921875 0.5755507640624999 0.7789159234375 0.5700062140625 0.8112987671875 0.5627556390625 0.8598730171875 0.5589170984375 0.9332935171875001 0.5509566078125 0.9361430937499999 0.5363123609375 0.8888471156250001 0.5371653578125
1 0.720311709375 0.40948492343750004 0.7181812765625 0.4082054109375 0.702842040625 0.4064993796875 0.690485446875 0.43635469687499995 0.6542677546875 0.4858291828125 0.6291285 0.5135519687500001 0.6129370578125 0.530185634375 0.5958934859375 0.546392803125 0.597597821875 0.5523638531249999 0.6206066781249999 0.540421740625 0.646598134375 0.518243521875 0.6691809234375 0.4858291828125 0.6973028578125 0.4448847671875 0.720311709375 0.40948492343750004
1 0.759284790625 0.2868041703125 0.7652500765625 0.22837307187500003 0.750436740625 0.2229652546875 0.7447977640625 0.2594871515625 0.7392585796875 0.2961510265625 0.7320150671875 0.3260063390625 0.7171018921875 0.3763338609375 0.7107105453125 0.3899819859375 0.70346703125 0.394247040625 0.688979959375 0.3989385765625 0.694093040625 0.4066156515625 0.714119290625 0.40238682968750006 0.72391934375 0.3870326734375 0.735849875 0.361015915625 0.7511891109375 0.3298810890625 0.759284790625 0.2868041703125
1 0.7396846828125 0 0.7443716609375 0.022482660937500003 0.7494847359375 0.06300059375 0.7516151734375 0.082193290625 0.746928196875 0.1086365453125 0.7473542984375 0.1350798171875 0.7635457046874999 0.147874946875 0.7643978703125 0.1158871203125 0.759284790625 0.06513310312500001 0.758858728125 0.0284537453125 0.754272896875 0 0.7396846828125 0
1 0.8648820671875 0 0.861546365625 0.0574560265625 0.8602680984375001 0.0779282328125 0.8508941468750001 0.0949884203125 0.8508941468750001 0.12612322812500001 0.844076696875 0.14446290625 0.8304418296874999 0.1943639203125 0.8257548171875 0.2041735140625 0.8368331781249999 0.21995417343749998 0.8658072765625 0.19606993749999999 0.8666594468750001 0.18114228125 0.8675116515625 0.1738917015625 0.8756073343749999 0.1538460140625 0.8777378078125 0.103518490625 0.8777378078125 0.08475231250000001 0.88625959375 0.0762222234375 0.8879639640624999 0.0642801078125 0.887111759375 0.0523379734375 0.9062858031250001 0.059588553125 0.9625296921875 0.09840043750000001 1 0.117593134375 1 0.08475231250000001 0.9514513484375 0.0617210796875 0.9169380671875 0.046793423437499995 0.896059646875 0.041675375 0.886685696875 0.041248875000000004 0.88625959375 0 0.8648820671875 0
1 0.4988908921875 0.0005252453125 0.5142301296875 0.0056432984375 0.5568391296875 0.026968517187500003 0.5905969015625 0.046502071875 0.589648040625 0.033792579687500005 0.584534959375 0.02824803125 0.5657870171875 0.015026406249999999 0.53042153125 0 0.4988908921875 0.0005252453125
1 0.5314344546875 0.609429665625 0.5458417453125 0.5982692015625 0.541234509375 0.588530959375 0.5275996468749999 0.5902369515625 0.506295165625 0.6068706390624999 0.48413847812500005 0.6145477140625 0.5088517046875001 0.6166802453125 0.5314344546875 0.609429665625
1 0.5314344546875 0.555263625 0.5101299734375 0.5522780796875 0.4815819375 0.550145571875 0.473912321875 0.543748009375 0.46496443281250005 0.5390564328125 0.44749475937499994 0.5467335140625 0.4197988921875 0.548439540625 0.42320763906250003 0.557396134375 0.468799240625 0.555263625 0.47689496406250004 0.563367178125 0.4990516109375 0.5629407015625 0.5356119953125 0.5682193125 0.5314344546875 0.555263625
1 0.5638172984375001 0.699848584375 0.56296509375 0.6904654734375 0.5582781203125 0.6887594640625 0.5535911421875 0.6989955671875 0.551886771875 0.71648225 0.5506085 0.7297038796875001 0.5463475890625 0.741645990625 0.54251278125 0.75188209375 0.542938884375 0.7651037406250001 0.5459215265624999 0.7715013078124999 0.5535911421875 0.770648290625 0.5604085578125 0.7527351109375 0.5604085578125 0.7292773796875001 0.5638172984375001 0.699848584375
1 0.634122134375 0.704540115625 0.657729634375 0.7050422140625 0.6528700765625 0.6917449859375 0.638383009375 0.6725522953125 0.6256003078125 0.6367259328125 0.618782896875 0.6230778078125 0.6307133890625 0.6780968609375 0.634122134375 0.704540115625
1 0.48455844218750005 1 0.48549426406249996 0.9713390531250001 0.46619962031249995 0.9531789234374999 0.4528477546875 0.986591071875 0.45952368750000006 0.9999559281250001 0.48455844218750005 1