1 0.47422617031250003 0.4440034546875 0.5126996828125 0.43779204062500005 0.5561376390625 0.40300793281249997 0.56358421875 0.37443528125 0.5474499015625 0.359527865625 0.528834 0.36573932187499997 0.5424856390625 0.333439803125 0.5226285765625 0.3408935359375 0.428306446875 0.42909599062500003 0.38238635312499997 0.46884914687499996 0.3670634328125 0.483134915625 0.419618709375 0.45766859843749996 0.47422617031250003 0.4440034546875
1 0.6128636203125 0.26627921875 0.6054934859375 0.28676094218750003 0.6356309953125 0.2903006609375 0.6559370578125 0.2749022859375 0.6344003390624999 0.26381548593750004 0.6128636203125 0.26627921875
1 0.776901271875 0.1776665140625 0.7965920484375 0.17273903125 0.8125906781250001 0.1647318921875 0.797207334375 0.1610362859375 0.7812087046875 0.1591884828125 0.7621332984375 0.169659396875 0.776901271875 0.1776665140625
1 0.3695008796875 0.87501884375 0.39472975 0.8636780843749999 0.42918850468749997 0.8316495046875 0.45134059843749996 0.79999315625 0.549794134375 0.7082189953125 0.516566040625 0.7100667765625001 0.48949131718750005 0.717830178125 0.455647759375 0.7486268796875 0.407036321875 0.783244678125 0.36703947812500004 0.8023386390624999 0.3461182234375 0.8171210171875 0.33688816093749996 0.8460699421875001 0.3528868796875 0.8663957765625 0.3695008796875 0.87501884375
1 0.172635271875 0.7072761703125 0.18740324531250002 0.7060443171874999 0.20770939687499998 0.6906459203125 0.1978639640625 0.6727838796875 0.1855572140625 0.67216790625 0.178173271875 0.6653926703125 0.1634051203125 0.67216790625 0.1289463703125 0.6980371296875 0.105563709375 0.7245223484375 0.1307924015625 0.723906375 0.160943896875 0.7109717765625 0.172635271875 0.7072761703125
1 0.21555604062499997 0.6567212546875 0.237482728125 0.643148125 0.2516196109375 0.625820759375 0.26114040625 0.6050278890625 0.27037271875 0.5853902015625 0.2594093296875 0.5819247328125 0.238636709375 0.5937650984375 0.231424 0.617734634375 0.2054581921875 0.6252431875 0.19218675937500002 0.634773240625 0.181223415625 0.648923915625 0.17978091093749998 0.6572988265624999 0.180069353125 0.6570100171875 0.21555604062499997 0.6567212546875
1 0.5850265796875 0 0.609468428125 0.039698192187499995 0.6506573343750001 0.085457884375 0.673288696875 0.0822863921875 0.6814358703125001 0.07322509375 0.68822534375 0.0686944203125 0.6841516609375 0.049665646875000004 0.6696675984375 0.0347144734375 0.63617334375 0.0188571609375 0.6216892859375001 0.008889701562500001 0.600415884375 0 0.5850265796875 0
1 0.519092540625 0.11445411093749999 0.543081665625 0.1294052859375 0.556660415625 0.12623382656249998 0.560281446875 0.1117357140625 0.5562077640624999 0.0945192015625 0.5444395625 0.085910928125 0.527692365625 0.09769066093749999 0.519092540625 0.11445411093749999
1 0.3523107046875 0.33638667031249997 0.3658894546875 0.3214354953125 0.337826646875 0.3178109421875 0.299806115625 0.33955812500000004 0.2590697328125 0.3513378390625 0.236891021875 0.3658359859375 0.2120197859375 0.37808992343750003 0.268574928125 0.3649297984375 0.296185084375 0.3522439640625 0.3133849328125 0.3495255671875 0.3523107046875 0.33638667031249997
1 0.7739913390625001 0.0973955484375 0.7981043796875 0.0736824953125 0.8424617328125 0.0374372015625 0.8266197765625 0.02112684375 0.813493678125 0 0.734736696875 0.0016449593750000001 0.742884 0.0165961703125 0.7523890671875 0.045139334375 0.7739913390625001 0.0973955484375
1 0.9571605453125 0 0.959878040625 0.0014472328125 0.9757182906249999 0.028894459374999997 1 0.0112248703125 0.99653896875 0 0.9571605453125 0
1 0.9811496703125 0.1385364109375 0.98703390625 0.1652673296875 0.9992547593750001 0.18384305781250002 1 0.1253975140625 0.991107521875 0.12585057187499998 0.9811496703125 0.1385364109375
1 1 0.0823562328125 0.9856760093749999 0.0896053078125 0.9806970843749999 0.10138502187500001 0.9829602187500001 0.1095401828125 1 0.11678925468750001 1 0.0823562328125