1 0.528834 0.634260678125 0.5474499015625 0.6404721343750001 0.56358421875 0.62556471875 0.5561376390625 0.5969920671875 0.5126996828125 0.562207959375 0.47422617031250003 0.5559965453125 0.419618709375 0.5423314015625 0.3670634328125 0.516865084375 0.38238635312499997 0.531150853125 0.428306446875 0.570904009375 0.5226285765625 0.6591064640625001 0.5424856390625 0.666560196875 0.528834 0.634260678125
1 0.6054934859375 0.7132390578125001 0.6128636203125 0.73372078125 0.6344003390624999 0.7361845140625001 0.6559370578125 0.7250977140625 0.6356309953125 0.7096993390625 0.6054934859375 0.7132390578125001
1 0.7621332984375 0.830340603125 0.7812087046875 0.8408115171875 0.797207334375 0.8389637140625 0.8125906781250001 0.8352681078125 0.7965920484375 0.8272609687499999 0.776901271875 0.8223334859375001 0.7621332984375 0.830340603125
1 0.455647759375 0.2513731203125 0.48949131718750005 0.282169821875 0.516566040625 0.2899332234375 0.549794134375 0.2917810046875 0.45134059843749996 0.20000684375 0.42918850468749997 0.1683504953125 0.39472975 0.136321915625 0.3695008796875 0.12498115624999999 0.3528868796875 0.1336042234375 0.33688816093749996 0.1539300578125 0.3461182234375 0.18287898281249998 0.36703947812500004 0.1976613609375 0.407036321875 0.21675532187500002 0.455647759375 0.2513731203125
1 0.1978639640625 0.3272161203125 0.20770939687499998 0.3093540796875 0.18740324531250002 0.2939556828125 0.172635271875 0.2927238296875 0.160943896875 0.2890282234375 0.1307924015625 0.276093625 0.105563709375 0.27547765156250004 0.1289463703125 0.3019628703125 0.1634051203125 0.32783209375 0.178173271875 0.3346073296875 0.1855572140625 0.32783209375 0.1978639640625 0.3272161203125
1 0.231424 0.382265365625 0.238636709375 0.40623490156250003 0.2594093296875 0.4180752671875 0.27037271875 0.4146097984375 0.26114040625 0.3949721109375 0.2516196109375 0.374179240625 0.237482728125 0.356851875 0.21555604062499997 0.3432787453125 0.180069353125 0.3429899828125 0.17978091093749998 0.3427011734375 0.181223415625 0.351076084375 0.19218675937500002 0.365226759375 0.2054581921875 0.3747568125 0.231424 0.382265365625
1 0.600415884375 1 0.6216892859375001 0.9911102984375001 0.63617334375 0.9811428390625 0.6696675984375 0.9652855265625 0.6841516609375 0.9503343531249999 0.68822534375 0.9313055796875 0.6814358703125001 0.92677490625 0.673288696875 0.9177136078125001 0.6506573343750001 0.914542115625 0.609468428125 0.9603018078125001 0.5850265796875 1 0.600415884375 1
1 0.556660415625 0.8737661734375 0.543081665625 0.8705947140625 0.519092540625 0.8855458890625 0.527692365625 0.9023093390625 0.5444395625 0.9140890718750001 0.5562077640624999 0.9054807984375 0.560281446875 0.8882642859375001 0.556660415625 0.8737661734375
1 0.3658894546875 0.6785645046875 0.3523107046875 0.6636133296875 0.3133849328125 0.6504744328125 0.296185084375 0.6477560359375001 0.268574928125 0.6350702015625 0.2120197859375 0.6219100765625 0.236891021875 0.6341640140625 0.2590697328125 0.6486621609375 0.299806115625 0.660441875 0.337826646875 0.6821890578125 0.3658894546875 0.6785645046875
1 0.734736696875 0.998355040625 0.813493678125 1 0.8266197765625 0.97887315625 0.8424617328125 0.9625627984375 0.7981043796875 0.9263175046875001 0.7739913390625001 0.9026044515624999 0.7523890671875 0.9548606656249999 0.742884 0.9834038296875001 0.734736696875 0.998355040625
1 0.99653896875 1 1 0.9887751296875 0.9757182906249999 0.9711055406250001 0.959878040625 0.9985527671875 0.9571605453125 1 0.99653896875 1
1 0.98703390625 0.8347326703125001 0.9811496703125 0.8614635890625 0.991107521875 0.8741494281250001 1 0.8746024859375 0.9992547593750001 0.8161569421875001 0.98703390625 0.8347326703125001
1 1 0.8832107453125 0.9829602187500001 0.8904598171875 0.9806970843749999 0.8986149781250001 0.9856760093749999 0.9103946921875 1 0.9176437671875 1 0.8832107453125